0 0.34528186274509803 0.2597826086956522 0.13419117647058823 0.2326086956521739
0 0.5199142156862745 0.3179347826086957 0.08517156862745098 0.15543478260869564
0 0.7040441176470589 0.3923913043478261 0.11151960784313726 0.2
0 0.7466299019607843 0.1641304347826087 0.0508578431372549 0.11956521739130435
0 0.6026348039215687 0.35978260869565215 0.06066176470588235 0.10869565217391304
0 0.6427696078431373 0.5320652173913043 0.03308823529411765 0.06630434782608696
0 0.47089460784313725 0.5755434782608696 0.05943627450980392 0.10326086956521739
0 0.45894607843137253 0.47282608695652173 0.04779411764705882 0.08695652173913043
0 0.39675245098039214 0.8548913043478261 0.18198529411764705 0.33152173913043476
0 0.8875612745098039 0.39293478260869563 0.22120098039215685 0.41195652173913044
0 0.8547794117647058 0.0967391304347826 0.09681372549019608 0.17173913043478262
0 0.9041053921568627 0.1331521739130435 0.04350490196078431 0.07282608695652174
0 0.9393382352941176 0.16902173913043478 0.06372549019607843 0.10978260869565218
