0 0.1642156862745098 0.13858695652173914 0.12990196078431374 0.23152173913043478
0 0.08915441176470588 0.09456521739130434 0.04718137254901961 0.08260869565217391
0 0.7922794117647058 0.4315217391304348 0.2977941176470588 0.5282608695652173
0 0.9451593137254902 0.6842391304347826 0.10845588235294118 0.20326086956521738
0 0.9105392156862745 0.8358695652173913 0.06740196078431372 0.11956521739130435
0 0.7689950980392157 0.9260869565217391 0.22426470588235295 0.14565217391304347
0 0.5707720588235294 0.9657608695652173 0.13174019607843138 0.06630434782608696
0 0.46721813725490197 0.9293478260869565 0.08639705882352941 0.1391304347826087
0 0.09987745098039216 0.8570652173913044 0.17647058823529413 0.28369565217391307
0 0.43075980392156865 0.6065217391304348 0.08088235294117647 0.13478260869565217
0 0.46047794117647056 0.39619565217391306 0.07904411764705882 0.1423913043478261
0 0.6963848039215687 0.12173913043478261 0.037377450980392156 0.06956521739130435
0 0.9852941176470589 0.15706521739130436 0.028186274509803922 0.10108695652173913
