0 0.5116421568627451 0.9331521739130435 0.19117647058823528 0.34891304347826085
0 0.6237745098039216 0.9119565217391304 0.14950980392156862 0.2543478260869565
0 0.7613357843137255 0.6418478260869566 0.14644607843137256 0.23804347826086958
0 0.8403799019607843 0.6934782608695652 0.22120098039215685 0.38913043478260867
0 0.9629289215686274 0.7706521739130435 0.0055147058823529415 0.002173913043478261
0 0.7745098039215687 0.8179347826086957 0.11029411764705882 0.20326086956521738
0 0.25735294117647056 0.6059782608695652 0.19730392156862744 0.325
0 0.28799019607843135 0.3516304347826087 0.07475490196078431 0.13369565217391305
0 0.7435661764705882 0.26413043478260867 0.1133578431372549 0.2
0 0.09252450980392157 0.2951086956521739 0.1715686274509804 0.32282608695652176
0 0.6452205882352942 0.11630434782608695 0.18872549019607843 0.2326086956521739
