0 0.9641544117647058 0.9538043478260869 0.0704656862745098 0.09021739130434783
0 0.5045955882352942 0.9391304347826087 0.14522058823529413 0.11956521739130435
0 0.6176470588235294 0.2510869565217391 0.09436274509803921 0.1608695652173913
0 0.6366421568627451 0.4592391304347826 0.0661764705882353 0.125
0 0.5615808823529411 0.3581521739130435 0.08149509803921569 0.1358695652173913
0 0.15962009803921567 0.8326086956521739 0.08026960784313726 0.1282608695652174
0 0.7751225490196079 0.2782608695652174 0.1213235294117647 0.20217391304347826
0 0.515625 0.08369565217391305 0.06924019607843138 0.13043478260869565
0 0.3627450980392157 0.4842391304347826 0.06004901960784314 0.0967391304347826
0 0.3480392156862745 0.6739130434782609 0.04656862745098039 0.08260869565217391
0 0.8468137254901961 0.1608695652173913 0.028186274509803922 0.05217391304347826
