0 0.2181372549019608 0.035326086956521736 0.1213235294117647 0.07065217391304347
0 0.25643382352941174 0.3527173913043478 0.14644607843137256 0.2597826086956522
0 0.22303921568627452 0.8766304347826087 0.1715686274509804 0.3358695652173913
0 0.0897671568627451 0.6157608695652174 0.16973039215686275 0.29891304347826086
0 0.18198529411764705 0.5364130434782609 0.0428921568627451 0.09239130434782608
0 0.22977941176470587 0.5342391304347827 0.06372549019607843 0.10760869565217392
0 0.4895833333333333 0.7043478260869566 0.0661764705882353 0.11739130434782609
0 0.041666666666666664 0.3581521739130435 0.06862745098039216 0.125
0 0.9889705882352942 0.0967391304347826 0.2622549019607843 0.1934782608695652
0 0.5223651960784313 0.9820652173913044 0.05698529411764706 0.10326086956521739
0 0.6623774509803921 0.9244565217391304 0.07965686274509803 0.13804347826086957
0 0.8219975490196079 0.6782608695652174 0.1954656862745098 0.3652173913043478
0 0.7717524509803921 0.4934782608695652 0.03860294117647059 0.06956521739130435
0 0.9715073529411765 0.5369565217391304 0.0741421568627451 0.12608695652173912
