0 0.12622549019607843 0.4923913043478261 0.1948529411764706 0.3391304347826087
0 0.6495098039215687 0.9173913043478261 0.17647058823529413 0.3173913043478261
0 0.7524509803921569 0.7445652173913043 0.2193627450980392 0.38913043478260867
0 0.46109068627450983 0.558695652173913 0.3707107843137255 0.6630434782608695
0 0.6047794117647058 0.4483695652173913 0.1409313725490196 0.27065217391304347
0 0.5618872549019608 0.31467391304347825 0.11397058823529412 0.19456521739130433
0 0.08088235294117647 0.9032608695652173 0.056372549019607844 0.09347826086956522
0 0.02665441176470588 0.6396739130434783 0.05330882352941176 0.2076086956521739
0 0.10692401960784313 0.10380434782608695 0.11090686274509803 0.2076086956521739
0 0.19822303921568626 0.08097826086956522 0.12683823529411764 0.16195652173913044
