0 0.27481617647058826 0.11195652173913044 0.06066176470588235 0.11304347826086956
0 0.18443627450980393 0.5619565217391305 0.0428921568627451 0.07391304347826087
0 0.23560049019607843 0.3923913043478261 0.03860294117647059 0.07391304347826087
0 0.13174019607843138 0.28369565217391307 0.056372549019607844 0.09347826086956522
0 0.5389093137254902 0.12065217391304348 0.052083333333333336 0.1
0 0.3391544117647059 0.6728260869565217 0.03860294117647059 0.08043478260869565
0 0.9341299019607843 0.8298913043478261 0.10477941176470588 0.1858695652173913
0 0.9528186274509803 0.5190217391304348 0.05392156862745098 0.0967391304347826
0 0.9019607843137255 0.6255434782608695 0.02696078431372549 0.051086956521739134
0 0.6314338235294118 0.8929347826086956 0.018995098039215685 0.035869565217391305
0 0.5523897058823529 0.6831521739130435 0.02022058823529412 0.03369565217391304
0 0.7083333333333334 0.06793478260869565 0.19607843137254902 0.33804347826086956
