0 0.9469975490196079 0.47989130434782606 0.10477941176470588 0.3293478260869565
0 0.6988357843137255 0.09239130434782608 0.14767156862745098 0.18478260869565216
0 0.26715686274509803 0.5896739130434783 0.17769607843137256 0.3119565217391304
0 0.4849877450980392 0.9951086956521739 0.18075980392156862 0.3119565217391304
0 0.3550857843137255 0.8929347826086956 0.10600490196078431 0.1858695652173913
0 0.5238970588235294 0.47554347826086957 0.28431372549019607 0.5010869565217392
0 0.6348039215686274 0.33152173913043476 0.08088235294117647 0.14565217391304347
0 0.6470588235294118 0.29945652173913045 0.12867647058823528 0.20978260869565218
0 0.8952205882352942 0.23043478260869565 0.0392156862745098 0.06739130434782609
0 0.8256740196078431 0.8336956521739131 0.0900735294117647 0.17391304347826086
0 0.33088235294117646 0.07554347826086956 0.1090686274509804 0.15108695652173912
0 0.4166666666666667 0.03641304347826087 0.08088235294117647 0.07282608695652174
