0 0.5343137254901961 0.41847826086956524 0.16666666666666666 0.29782608695652174
0 0.7046568627450981 0.5701086956521739 0.11397058823529412 0.20543478260869566
0 0.6099877450980392 0.6190217391304348 0.0900735294117647 0.16847826086956522
0 0.33792892156862747 0.45108695652173914 0.08517156862745098 0.15434782608695652
0 0.6902573529411765 0.1782608695652174 0.09620098039215687 0.1826086956521739
0 0.6421568627450981 0.15217391304347827 0.006127450980392157 0.002173913043478261
0 0.5459558823529411 0.13260869565217392 0.17279411764705882 0.2608695652173913
0 0.3866421568627451 0.03641304347826087 0.08823529411764706 0.07282608695652174
0 0.45894607843137253 0.9826086956521739 0.16299019607843138 0.3065217391304348
0 0.22824754901960784 0.08152173913043478 0.1868872549019608 0.16304347826086957
0 0.18903186274509803 0.2592391304347826 0.19791666666666666 0.3402173913043478
