0 0.7129289215686274 0.6125 0.11825980392156862 0.2076086956521739
0 0.4684436274509804 0.3521739130434783 0.04350490196078431 0.08043478260869565
0 0.2493872549019608 0.1451086956521739 0.14338235294117646 0.2576086956521739
0 0.7334558823529411 0.15706521739130436 0.0196078431372549 0.03804347826086957
0 0.84375 0.2668478260869565 0.020833333333333332 0.035869565217391305
0 0.12837009803921567 0.8619565217391304 0.10477941176470588 0.20217391304347826
0 0.45986519607843135 0.8396739130434783 0.03370098039215686 0.05326086956521739
0 0.5842524509803921 0.9217391304347826 0.13541666666666666 0.1391304347826087
0 0.06954656862745098 0.32663043478260867 0.13909313725490197 0.4902173913043478
0 0.27941176470588236 0.6407608695652174 0.11642156862745098 0.22282608695652173
