0 0.08731617647058823 0.10217391304347827 0.12683823529411764 0.23043478260869565
0 0.5882352941176471 0.05597826086956522 0.15073529411764705 0.27065217391304347
0 0.3428308823529412 0.6103260869565217 0.0900735294117647 0.1641304347826087
0 0.14215686274509803 0.9 0.12990196078431374 0.19782608695652174
0 0.24050245098039216 0.6733695652173913 0.03125 0.051086956521739134
0 0.24080882352941177 0.4902173913043478 0.041666666666666664 0.07173913043478261
0 0.2025122549019608 0.5217391304347826 0.02022058823529412 0.034782608695652174
0 0.6565563725490197 0.9233695652173913 0.10477941176470588 0.15108695652173912
0 0.39797794117647056 0.16684782608695653 0.03615196078431373 0.0641304347826087
0 0.5052083333333334 0.3760869565217391 0.07904411764705882 0.1282608695652174
0 0.5762867647058824 0.5097826086956522 0.15257352941176472 0.26521739130434785
0 0.6780024509803921 0.6423913043478261 0.08517156862745098 0.15434782608695652
0 0.7205882352941176 0.2608695652173913 0.03799019607843137 0.06739130434782609
