0 0.3596813725490196 0.5701086956521739 0.08088235294117647 0.14891304347826087
0 0.07873774509803921 0.24293478260869567 0.06311274509803921 0.10326086956521739
0 0.9503676470588235 0.36684782608695654 0.03308823529411765 0.0641304347826087
0 0.7956495098039216 0.7125 0.20649509803921567 0.35978260869565215
0 0.18535539215686275 0.46195652173913043 0.17463235294117646 0.27608695652173915
0 0.12745098039215685 0.595108695652174 0.11274509803921569 0.18804347826086956
0 0.20435049019607843 0.6532608695652173 0.07291666666666667 0.12391304347826088
0 0.043198529411764705 0.85 0.08394607843137254 0.29782608695652174
0 0.8152573529411765 0.5217391304347826 0.042279411764705885 0.06956521739130435
0 0.4341299019607843 0.5978260869565217 0.042279411764705885 0.06956521739130435
