0 0.5094975490196079 0.3423913043478261 0.27879901960784315 0.4891304347826087
0 0.6194852941176471 0.1907608695652174 0.13480392156862744 0.20543478260869566
0 0.2512254901960784 0.4777173913043478 0.16544117647058823 0.29891304347826086
0 0.9430147058823529 0.3641304347826087 0.17401960784313725 0.30869565217391304
0 0.8008578431372549 0.3521739130434783 0.05514705882352941 0.11739130434782609
0 0.4690563725490196 0.9157608695652174 0.15992647058823528 0.28369565217391307
0 0.3489583333333333 0.8478260869565217 0.09620098039215687 0.17608695652173914
0 0.3020833333333333 0.8125 0.06862745098039216 0.12717391304347825
0 0.18995098039215685 0.8402173913043478 0.08823529411764706 0.14130434782608695
0 0.06985294117647059 0.5239130434782608 0.06862745098039216 0.11739130434782609
