0 0.04381127450980392 0.15978260869565217 0.0545343137254902 0.10217391304347827
0 0.04932598039215686 0.09782608695652174 0.03615196078431373 0.05217391304347826
0 0.5168504901960784 0.0375 0.0900735294117647 0.075
0 0.4724264705882353 0.04076086956521739 0.0392156862745098 0.07065217391304347
0 0.4053308823529412 0.09130434782608696 0.10723039215686274 0.1826086956521739
0 0.8011642156862745 0.03315217391304348 0.05943627450980392 0.06630434782608696
0 0.22855392156862744 0.4364130434782609 0.16053921568627452 0.28152173913043477
0 0.3428308823529412 0.41630434782608694 0.07169117647058823 0.13478260869565217
0 0.4215686274509804 0.47445652173913044 0.11519607843137254 0.1967391304347826
0 0.6829044117647058 0.24347826086956523 0.06801470588235294 0.11521739130434783
0 0.7236519607843137 0.5755434782608696 0.09068627450980392 0.16195652173913044
0 0.8691789215686274 0.45869565217391306 0.09497549019607843 0.16304347826086957
0 0.8238357843137255 0.7951086956521739 0.06924019607843138 0.11847826086956521
