0 0.06709558823529412 0.30978260869565216 0.03370098039215686 0.06739130434782609
0 0.44515931372549017 0.5978260869565217 0.03615196078431373 0.06521739130434782
0 0.3759191176470588 0.42717391304347824 0.06801470588235294 0.11956521739130435
0 0.49754901960784315 0.7217391304347827 0.04656862745098039 0.08260869565217391
0 0.6443014705882353 0.7222826086956522 0.04595588235294118 0.10543478260869565
0 0.8247549019607843 0.4673913043478261 0.03676470588235294 0.06304347826086956
0 0.8425245098039216 0.6320652173913044 0.0392156862745098 0.06847826086956521
0 0.7401960784313726 0.7097826086956521 0.049019607843137254 0.08043478260869565
0 0.7285539215686274 0.7842391304347827 0.0196078431372549 0.035869565217391305
0 0.8511029411764706 0.5391304347826087 0.012254901960784314 0.021739130434782608
0 0.5024509803921569 0.9342391304347826 0.030637254901960783 0.05326086956521739
0 0.8125 0.970108695652174 0.01838235294117647 0.03152173913043478
