0 0.39859068627450983 0.8771739130434782 0.1403186274509804 0.2543478260869565
0 0.8048406862745098 0.7510869565217392 0.10723039215686274 0.18043478260869567
0 0.8311887254901961 0.5190217391304348 0.10477941176470588 0.1858695652173913
0 0.8985906862745098 0.13152173913043477 0.08517156862745098 0.1565217391304348
0 0.6213235294117647 0.19293478260869565 0.05514705882352941 0.09239130434782608
0 0.7509191176470589 0.2940217391304348 0.04963235294117647 0.08804347826086957
0 0.3229166666666667 0.23478260869565218 0.11029411764705882 0.1956521739130435
0 0.41513480392156865 0.21032608695652175 0.0741421568627451 0.12717391304347825
0 0.21231617647058823 0.5353260869565217 0.06066176470588235 0.11195652173913044
0 0.06464460784313726 0.5896739130434783 0.12928921568627452 0.3184782608695652
0 0.7496936274509803 0.06576086956521739 0.15134803921568626 0.13152173913043477
0 0.44025735294117646 0.48206521739130437 0.04105392156862745 0.09239130434782608
0 0.16513480392156862 0.24891304347826088 0.03860294117647059 0.058695652173913045
