0 0.26715686274509803 0.9456521739130435 0.11887254901960784 0.10652173913043478
0 0.6375612745098039 0.22826086956521738 0.10600490196078431 0.19130434782608696
0 0.8869485294117647 0.6391304347826087 0.20159313725490197 0.3717391304347826
0 0.7294730392156863 0.6010869565217392 0.13174019607843138 0.1934782608695652
0 0.7074142156862745 0.7353260869565217 0.15992647058823528 0.26413043478260867
0 0.26378676470588236 0.4815217391304348 0.12806372549019607 0.23043478260869565
0 0.16850490196078433 0.7054347826086956 0.08088235294117647 0.13695652173913042
0 0.4476102941176471 0.7065217391304348 0.16605392156862744 0.3065217391304348
0 0.49080882352941174 0.19510869565217392 0.06495098039215687 0.11195652173913044
0 0.6746323529411765 0.4331521739130435 0.10294117647058823 0.17717391304347826
0 0.6112132352941176 0.5032608695652174 0.0741421568627451 0.13695652173913042
