0 0.8272058823529411 0.09239130434782608 0.08455882352941177 0.14782608695652175
0 0.2800245098039216 0.33206521739130435 0.20098039215686275 0.3423913043478261
0 0.2668504901960784 0.10978260869565218 0.1256127450980392 0.21956521739130436
0 0.46721813725490197 0.42391304347826086 0.07904411764705882 0.14347826086956522
0 0.6020220588235294 0.06141304347826087 0.05330882352941176 0.09456521739130434
0 0.5962009803921569 0.6152173913043478 0.3088235294117647 0.55
0 0.5744485294117647 0.3342391304347826 0.03615196078431373 0.06195652173913044
0 0.8146446078431373 0.4722826086956522 0.16237745098039216 0.2902173913043478
0 0.944546568627451 0.7483695652173913 0.08517156862745098 0.1532608695652174
0 0.3131127450980392 0.7510869565217392 0.07475490196078431 0.13043478260869565
0 0.5196078431372549 0.9331521739130435 0.1090686274509804 0.13152173913043477
