0 0.19332107843137256 0.6201086956521739 0.05943627450980392 0.10760869565217392
0 0.42892156862745096 0.5820652173913043 0.07475490196078431 0.13152173913043477
0 0.040747549019607844 0.9407608695652174 0.044730392156862746 0.075
0 0.3112745098039216 0.5994565217391304 0.1715686274509804 0.3141304347826087
0 0.5435049019607843 0.4668478260869565 0.04656862745098039 0.07934782608695652
0 0.31556372549019607 0.24130434782608695 0.08946078431372549 0.15
0 0.3627450980392157 0.10760869565217392 0.1017156862745098 0.15434782608695652
0 0.6629901960784313 0.07445652173913044 0.022058823529411766 0.04021739130434782
0 0.8731617647058824 0.38206521739130433 0.08946078431372549 0.15760869565217392
0 0.8716299019607843 0.6146739130434783 0.10355392156862746 0.1793478260869565
