0 0.02542892156862745 0.16847826086956522 0.22120098039215685 0.41304347826086957
0 0.3553921568627451 0.11902173913043479 0.05514705882352941 0.10760869565217392
0 0.1948529411764706 0.0891304347826087 0.14338235294117646 0.25869565217391305
0 0.03155637254901961 0.566304347826087 0.0778186274509804 0.15
0 0.11979166666666667 0.866304347826087 0.11948529411764706 0.20434782608695654
0 0.5159313725490197 0.7255434782608695 0.0392156862745098 0.07282608695652174
0 0.2760416666666667 0.6907608695652174 0.34129901960784315 0.6010869565217392
0 0.4543504901960784 0.391304347826087 0.006740196078431373 0.017391304347826087
0 0.5928308823529411 0.3532608695652174 0.0900735294117647 0.16304347826086957
0 0.8262867647058824 0.011956521739130435 0.1403186274509804 0.25
