0 0.4583333333333333 0.7989130434782609 0.09191176470588236 0.16304347826086957
0 0.5073529411764706 0.9717391304347827 0.23039215686274508 0.39565217391304347
0 0.8155637254901961 0.5364130434782609 0.12254901960784313 0.20978260869565218
0 0.7931985294117647 0.34456521739130436 0.10600490196078431 0.16521739130434782
0 0.7518382352941176 0.43043478260869567 0.051470588235294115 0.09347826086956522
0 0.26746323529411764 0.7646739130434783 0.1403186274509804 0.2510869565217391
0 0.1332720588235294 0.3353260869565217 0.034926470588235295 0.06630434782608696
0 0.5860906862745098 0.1266304347826087 0.14154411764705882 0.2467391304347826
0 0.9310661764705882 0.7559782608695652 0.10232843137254902 0.19021739130434784
0 0.9886642156862745 0.19184782608695652 0.13786764705882354 0.2467391304347826
