0 0.07322303921568628 0.375 0.07904411764705882 0.14565217391304347
0 0.043198529411764705 0.44619565217391305 0.032475490196078434 0.057608695652173914
0 0.1056985294117647 0.6119565217391304 0.06801470588235294 0.11521739130434783
0 0.8232230392156863 0.3978260869565217 0.0545343137254902 0.09130434782608696
0 0.22242647058823528 0.9233695652173913 0.08700980392156862 0.1532608695652174
0 0.7040441176470589 0.09239130434782608 0.15441176470588236 0.18478260869565216
0 0.9473039215686274 0.4831521739130435 0.10416666666666667 0.30543478260869567
0 0.9466911764705882 0.28152173913043477 0.09191176470588236 0.10869565217391304
0 0.3382352941176471 0.07880434782608696 0.08823529411764706 0.15760869565217392
0 0.10294117647058823 0.02608695652173913 0.09313725490196079 0.05217391304347826
0 0.27236519607843135 0.5945652173913043 0.1636029411764706 0.2847826086956522
0 0.5248161764705882 0.47119565217391307 0.27512254901960786 0.4923913043478261
0 0.6424632352941176 0.30543478260869567 0.12071078431372549 0.2108695652173913
0 0.36182598039215685 0.9065217391304348 0.1096813725490196 0.2
0 0.3232230392156863 0.8673913043478261 0.06433823529411764 0.1108695652173913
0 0.20465686274509803 0.7972826086956522 0.030637254901960783 0.057608695652173914
0 0.48621323529411764 0.9989130434782608 0.17830882352941177 0.3217391304347826
