0 0.034926470588235295 0.05597826086956522 0.05514705882352941 0.10978260869565218
0 0.11642156862745098 0.23369565217391305 0.0428921568627451 0.07391304347826087
0 0.023284313725490197 0.8538043478260869 0.024509803921568627 0.0641304347826087
0 0.21875 0.6858695652173913 0.049019607843137254 0.0891304347826087
0 0.19424019607843138 0.6869565217391305 0.0024509803921568627 0.002173913043478261
0 0.078125 0.65 0.02389705882352941 0.04565217391304348
0 0.20465686274509803 0.966304347826087 0.01838235294117647 0.03260869565217391
0 0.4479166666666667 0.3173913043478261 0.07352941176470588 0.13478260869565217
0 0.6299019607843137 0.3695652173913043 0.1715686274509804 0.30869565217391304
0 0.8468137254901961 0.33260869565217394 0.08700980392156862 0.15434782608695652
0 0.9007352941176471 0.0038043478260869567 0.061274509803921566 0.13152173913043477
0 0.8949142156862745 0.7706521739130435 0.20894607843137256 0.3847826086956522
