0 0.8556985294117647 0.7831521739130435 0.07659313725490197 0.13152173913043477
0 0.8370098039215687 0.15434782608695652 0.030637254901960783 0.05434782608695652
0 0.3560049019607843 0.8027173913043478 0.0392156862745098 0.06847826086956521
0 0.8097426470588235 0.4326086956521739 0.02267156862745098 0.034782608695652174
0 0.8943014705882353 0.55 0.02144607843137255 0.0391304347826087
0 0.8440563725490197 0.5244565217391305 0.02389705882352941 0.04456521739130435
0 0.11948529411764706 0.5679347826086957 0.030637254901960783 0.06195652173913044
0 0.3014705882352941 0.45815217391304347 0.025735294117647058 0.03804347826086957
0 0.11519607843137254 0.18369565217391304 0.022058823529411766 0.041304347826086954
0 0.7754289215686274 0.9456521739130435 0.03002450980392157 0.058695652173913045
0 0.41911764705882354 0.8119565217391305 0.02696078431372549 0.0391304347826087
0 0.2622549019607843 0.9956521739130435 0.028186274509803922 0.05
