0 0.20925245098039216 0.14076086956521738 0.11948529411764706 0.2184782608695652
0 0.03462009803921569 0.12445652173913044 0.06924019607843138 0.22934782608695653
0 0.4022671568627451 0.10652173913043478 0.22365196078431374 0.21304347826086956
0 0.28370098039215685 0.034239130434782605 0.10294117647058823 0.06847826086956521
0 0.09497549019607843 0.6885869565217392 0.18995098039215685 0.41847826086956524
0 0.2034313725490196 0.5184782608695652 0.08700980392156862 0.15217391304347827
0 0.27879901960784315 0.48097826086956524 0.061274509803921566 0.11413043478260869
0 0.41513480392156865 0.8635869565217391 0.0508578431372549 0.09239130434782608
0 0.9387254901960784 0.9744565217391304 0.1053921568627451 0.18369565217391304
0 0.7276348039215687 0.7086956521739131 0.032475490196078434 0.05434782608695652
0 0.7000612745098039 0.3733695652173913 0.044730392156862746 0.07717391304347826
0 0.8517156862745098 0.5461956521739131 0.03553921568627451 0.06195652173913044
0 0.8694852941176471 0.2858695652173913 0.13725490196078433 0.24130434782608695
