0 0.01715686274509804 0.4282608695652174 0.28921568627450983 0.508695652173913
0 0.2555147058823529 0.28369565217391307 0.12867647058823528 0.22608695652173913
0 0.28952205882352944 0.45 0.1170343137254902 0.1891304347826087
0 0.3903186274509804 0.14565217391304347 0.16053921568627452 0.29130434782608694
0 0.5572916666666666 0.12173913043478261 0.17340686274509803 0.24347826086956523
0 0.7484681372549019 0.14347826086956522 0.09497549019607843 0.16304347826086957
0 0.9546568627450981 0.21467391304347827 0.08946078431372549 0.17717391304347826
0 0.8566176470588235 0.6239130434782608 0.2267156862745098 0.3934782608695652
0 0.6317401960784313 0.7315217391304348 0.05024509803921569 0.09565217391304348
0 0.35018382352941174 0.8309782608695652 0.025122549019607844 0.04891304347826087
