0 0.600796568627451 0.4407608695652174 0.04718137254901961 0.13369565217391305
0 0.6142769607843137 0.8255434782608696 0.07659313725490197 0.11847826086956521
0 0.8645833333333334 0.2875 0.0784313725490196 0.11847826086956521
0 0.3112745098039216 0.12010869565217391 0.058823529411764705 0.09891304347826087
0 0.8097426470588235 0.09402173913043478 0.0508578431372549 0.09239130434782608
0 0.10294117647058823 0.5945652173913043 0.04534313725490196 0.08695652173913043
0 0.4632352941176471 0.2728260869565217 0.030637254901960783 0.06086956521739131
0 0.7028186274509803 0.6119565217391304 0.030637254901960783 0.05217391304347826
0 0.3805147058823529 0.8380434782608696 0.030637254901960783 0.06086956521739131
0 0.18321078431372548 0.3875 0.03431372549019608 0.0641304347826087
