0 0.25183823529411764 0.1842391304347826 0.09803921568627451 0.17282608695652174
0 0.1409313725490196 0.3423913043478261 0.13602941176470587 0.23043478260869565
0 0.036458333333333336 0.32608695652173914 0.07291666666666667 0.14130434782608695
0 0.11274509803921569 0.6896739130434782 0.04534313725490196 0.07717391304347826
0 0.08057598039215687 0.6092391304347826 0.08149509803921569 0.14891304347826087
0 0.14522058823529413 0.553804347826087 0.0392156862745098 0.07065217391304347
0 0.1096813725490196 0.8130434782608695 0.19852941176470587 0.34130434782608693
0 0.5284926470588235 0.9179347826086957 0.19791666666666666 0.16195652173913044
0 0.6056985294117647 0.8282608695652174 0.03860294117647059 0.06739130434782609
0 0.7178308823529411 0.2896739130434783 0.04718137254901961 0.08586956521739131
0 0.8226102941176471 0.24130434782608695 0.05575980392156863 0.09565217391304348
0 0.7944240196078431 0.23532608695652174 0.012867647058823529 0.04021739130434782
0 0.928921568627451 0.9157608695652174 0.030637254901960783 0.0641304347826087
