0 0.7162990196078431 0.45652173913043476 0.05392156862745098 0.10652173913043478
0 0.7735906862745098 0.7880434782608695 0.20894607843137256 0.3456521739130435
0 0.3893995098039216 0.8336956521739131 0.04595588235294118 0.09347826086956522
0 0.37745098039215685 0.6489130434782608 0.1213235294117647 0.21304347826086956
0 0.12285539215686274 0.803804347826087 0.03860294117647059 0.06195652173913044
0 0.6050857843137255 0.4673913043478261 0.04963235294117647 0.09347826086956522
0 0.5315563725490197 0.17554347826086958 0.08026960784313726 0.14021739130434782
0 0.8155637254901961 0.4157608695652174 0.051470588235294115 0.06195652173913044
0 0.9745710784313726 0.9309782608695653 0.03860294117647059 0.0641304347826087
0 0.18443627450980393 0.29891304347826086 0.06004901960784314 0.10652173913043478
0 0.39950980392156865 0.39565217391304347 0.028186274509803922 0.05217391304347826
