0 0.24417892156862744 0.10815217391304348 0.09252450980392157 0.16630434782608697
0 0.32107843137254904 0.5815217391304348 0.16666666666666666 0.29347826086956524
0 0.4944852941176471 0.45652173913043476 0.1642156862745098 0.3108695652173913
0 0.35753676470588236 0.9625 0.11090686274509803 0.19021739130434784
0 0.678921568627451 0.8315217391304348 0.07720588235294118 0.14782608695652175
0 0.7346813725490197 0.5163043478260869 0.125 0.2217391304347826
0 0.7815563725490197 0.38913043478260867 0.09497549019607843 0.16521739130434782
0 0.7873774509803921 0.06847826086956521 0.10294117647058823 0.13695652173913042
0 0.5784313725490197 0.07336956521739131 0.08333333333333333 0.13369565217391305
0 0.5719975490196079 0.38206521739130433 0.0974264705882353 0.1858695652173913
