0 0.3164828431372549 0.7777173913043478 0.16727941176470587 0.2967391304347826
0 0.24693627450980393 0.3766304347826087 0.08946078431372549 0.16847826086956522
0 0.203125 0.3298913043478261 0.04840686274509804 0.08586956521739131
0 0.5291053921568627 0.17282608695652174 0.08517156862745098 0.15217391304347827
0 0.5569852941176471 0.22826086956521738 0.04779411764705882 0.0782608695652174
0 0.5533088235294118 0.0391304347826087 0.09436274509803921 0.07391304347826087
0 0.22395833333333334 0.6358695652173914 0.08639705882352941 0.11304347826086956
0 0.4010416666666667 0.5233695652173913 0.03860294117647059 0.06630434782608696
0 0.633578431372549 0.14945652173913043 0.025735294117647058 0.051086956521739134
0 0.14185049019607843 0.9152173913043479 0.09129901960784313 0.1565217391304348
0 0.09129901960784313 0.24293478260869567 0.058823529411764705 0.10760869565217392
0 0.20894607843137256 0.10869565217391304 0.09436274509803921 0.1673913043478261
0 0.33026960784313725 0.2407608695652174 0.13112745098039216 0.23152173913043478
0 0.9053308823529411 0.6065217391304348 0.08272058823529412 0.1565217391304348
0 0.7637867647058824 0.8119565217391305 0.06066176470588235 0.11521739130434783
0 0.8400735294117647 0.8125 0.058823529411764705 0.16195652173913044
