0 0.49080882352941174 0.20923913043478262 0.06495098039215687 0.11413043478260869
0 0.4641544117647059 0.002173913043478261 0.16237745098039216 0.26521739130434785
0 0.6439950980392157 0.2358695652173913 0.08700980392156862 0.1565217391304348
0 0.7521446078431373 0.16358695652173913 0.03125 0.05543478260869565
0 0.17401960784313725 0.7146739130434783 0.07107843137254902 0.13152173913043477
0 0.30392156862745096 0.7288043478260869 0.05024509803921569 0.09239130434782608
0 0.27542892156862747 0.9527173913043478 0.12193627450980392 0.09239130434782608
0 0.2693014705882353 0.4701086956521739 0.11580882352941177 0.20543478260869566
0 0.024816176470588234 0.09728260869565217 0.04963235294117647 0.09456521739130434
0 0.8915441176470589 0.6364130434782609 0.19852941176470587 0.36195652173913045
0 0.8174019607843137 0.6940217391304347 0.09313725490196079 0.1967391304347826
0 0.7325367647058824 0.6206521739130435 0.13051470588235295 0.2108695652173913
0 0.7086397058823529 0.7402173913043478 0.1488970588235294 0.25
0 0.5906862745098039 0.8010869565217391 0.1090686274509804 0.2
0 0.45098039215686275 0.7097826086956521 0.1556372549019608 0.2956521739130435
0 0.37806372549019607 0.8032608695652174 0.06862745098039216 0.11956521739130435
0 0.6130514705882353 0.5206521739130435 0.07291666666666667 0.13043478260869565
0 0.6724877450980392 0.44782608695652176 0.09865196078431372 0.17391304347826086
