0 0.546875 0.13641304347826086 0.1488970588235294 0.2597826086956522
0 0.5367647058823529 0.42717391304347824 0.1568627450980392 0.28695652173913044
0 0.3403799019607843 0.4489130434782609 0.07291666666666667 0.13695652173913042
0 0.6188725490196079 0.6244565217391305 0.0821078431372549 0.14021739130434782
0 0.7098651960784313 0.5728260869565217 0.10477941176470588 0.18478260869565216
0 0.6366421568627451 0.7744565217391305 0.04656862745098039 0.08369565217391305
0 0.46231617647058826 0.8489130434782609 0.09620098039215687 0.08043478260869565
0 0.9629289215686274 0.1125 0.08517156862745098 0.15108695652173912
0 0.6807598039215687 0.26467391304347826 0.056372549019607844 0.0967391304347826
0 0.6917892156862745 0.1766304347826087 0.09926470588235294 0.16847826086956522
0 0.18933823529411764 0.2554347826086957 0.19607843137254902 0.3347826086956522
