0 0.19393382352941177 0.8478260869565217 0.1795343137254902 0.3217391304347826
0 0.9083946078431373 0.4777173913043478 0.18198529411764705 0.3576086956521739
0 0.8268995098039216 0.33804347826086956 0.12193627450980392 0.20869565217391303
0 0.6148897058823529 0.9358695652173913 0.09497549019607843 0.17391304347826086
0 0.5082720588235294 0.42228260869565215 0.06924019607843138 0.12065217391304348
0 0.5171568627450981 0.35978260869565215 0.05514705882352941 0.0891304347826087
0 0.5186887254901961 0.1701086956521739 0.0704656862745098 0.11195652173913044
0 0.45588235294117646 0.059782608695652176 0.05269607843137255 0.0782608695652174
0 0.2981004901960784 0.6217391304347826 0.07536764705882353 0.14347826086956522
0 0.45986519607843135 0.6869565217391305 0.0704656862745098 0.11521739130434783
0 0.8125 0.9505434782608696 0.0857843137254902 0.15108695652173912
