0 0.048100490196078434 0.9065217391304348 0.08517156862745098 0.1565217391304348
0 0.33762254901960786 0.7369565217391304 0.09068627450980392 0.1608695652173913
0 0.2702205882352941 0.9945652173913043 0.07720588235294118 0.13695652173913042
0 0.5989583333333334 0.9309782608695653 0.07169117647058823 0.12717391304347825
0 0.8406862745098039 0.7277173913043479 0.1568627450980392 0.2793478260869565
0 0.9261642156862745 0.4891304347826087 0.1403186274509804 0.23478260869565218
0 0.8072916666666666 0.4722826086956522 0.10723039215686274 0.19021739130434784
0 0.8072916666666666 0.3027173913043478 0.0741421568627451 0.12717391304347825
0 0.9041053921568627 0.23641304347826086 0.1403186274509804 0.22934782608695653
0 0.7193627450980392 0.17608695652173914 0.24019607843137256 0.3521739130434783
0 0.484375 0.3032608695652174 0.21262254901960784 0.391304347826087
