0 0.140625 0.06086956521739131 0.1329656862745098 0.24565217391304348
0 0.05821078431372549 0.04891304347826087 0.04779411764705882 0.09347826086956522
0 0.6651348039215687 0.0983695652173913 0.03982843137254902 0.07934782608695652
0 0.7460171568627451 0.9059782608695652 0.25674019607843135 0.1858695652173913
0 0.5401348039215687 0.9489130434782609 0.14276960784313725 0.1
0 0.07689950980392157 0.779891304347826 0.15379901960784315 0.3119565217391304
0 0.45067401960784315 0.8875 0.08517156862745098 0.15108695652173912
0 0.42953431372549017 0.35706521739130437 0.07965686274509803 0.1423913043478261
0 0.7714460784313726 0.3826086956521739 0.2818627450980392 0.5282608695652173
0 0.9083946078431373 0.6 0.10110294117647059 0.18695652173913044
0 0.8903186274509803 0.7668478260869566 0.07107843137254902 0.125
0 0.9632352941176471 0.12010869565217391 0.051470588235294115 0.09456521739130434
0 0.9975490196078431 0.2451086956521739 0.0661764705882353 0.11413043478260869
