0 0.06801470588235294 0.15380434782608696 0.13602941176470587 0.3076086956521739
0 0.25643382352941174 0.04184782608695652 0.06311274509803921 0.08369565217391305
0 0.38817401960784315 0.05543478260869565 0.16727941176470587 0.1108695652173913
0 0.8051470588235294 0.08315217391304348 0.07107843137254902 0.12065217391304348
0 0.8275122549019608 0.2467391304347826 0.1636029411764706 0.2717391304347826
0 0.9105392156862745 0.21141304347826087 0.06372549019607843 0.10978260869565218
0 0.8857230392156863 0.09619565217391304 0.29105392156862747 0.1923913043478261
0 0.6657475490196079 0.2190217391304348 0.0778186274509804 0.13804347826086957
0 0.7156862745098039 0.7222826086956522 0.07475490196078431 0.14021739130434782
0 0.7803308823529411 0.6592391304347827 0.05821078431372549 0.10978260869565218
0 0.30545343137254904 0.22826086956521738 0.034926470588235295 0.06521739130434782
0 0.5183823529411765 0.4907608695652174 0.38112745098039214 0.683695652173913
0 0.17861519607843138 0.4081521739130435 0.12683823529411764 0.23152173913043478
0 0.25949754901960786 0.41195652173913044 0.07659313725490197 0.15217391304347827
0 0.24877450980392157 0.6858695652173913 0.11887254901960784 0.24130434782608695
0 0.12775735294117646 0.6831521739130435 0.16850490196078433 0.33369565217391306
