0 0.027879901960784315 0.5114130434782609 0.12193627450980392 0.2141304347826087
0 0.15012254901960784 0.9380434782608695 0.22549019607843138 0.40869565217391307
0 0.38817401960784315 0.8652173913043478 0.05330882352941176 0.10217391304347827
0 0.8486519607843137 0.7967391304347826 0.24754901960784315 0.4434782608695652
0 0.7150735294117647 0.7956521739130434 0.00857843137254902 0.002173913043478261
0 0.5392156862745098 0.27391304347826084 0.30514705882352944 0.5304347826086957
0 0.3431372549019608 0.21141304347826087 0.08088235294117647 0.15108695652173912
0 0.3912377450980392 0.05597826086956522 0.09620098039215687 0.11195652173913044
0 0.7493872549019608 0.04076086956521739 0.11519607843137254 0.08152173913043478
0 0.9402573529411765 0.0125 0.03002450980392157 0.025
