0 0.5839460784313726 0.23097826086956522 0.3125 0.46195652173913043
0 0.6280637254901961 0.7038043478260869 0.07598039215686274 0.12934782608695652
0 0.7745098039215687 0.8157608695652174 0.08700980392156862 0.15108695652173912
0 0.22120098039215685 0.4608695652173913 0.05024509803921569 0.0891304347826087
0 0.22457107843137256 0.8581521739130434 0.19056372549019607 0.34891304347826085
0 0.3587622549019608 0.8391304347826087 0.10600490196078431 0.21956521739130436
0 0.30545343137254904 0.6918478260869565 0.10477941176470588 0.15108695652173912
0 0.06832107843137254 0.6239130434782608 0.03125 0.058695652173913045
0 0.30943627450980393 0.5597826086956522 0.06495098039215687 0.10652173913043478
0 0.2803308823529412 0.5190217391304348 0.042279411764705885 0.08152173913043478
