0 0.7674632352941176 0.38858695652173914 0.28125 0.5141304347826087
0 0.42892156862745096 0.34293478260869564 0.07965686274509803 0.14673913043478262
0 0.9583333333333334 0.10706521739130435 0.05514705882352941 0.08804347826086957
0 0.9898897058823529 0.23206521739130434 0.06311274509803921 0.11195652173913044
0 0.8875612745098039 0.7858695652173913 0.0741421568627451 0.12173913043478261
0 0.9068627450980392 0.6244565217391305 0.11274509803921569 0.19021739130434784
0 0.4482230392156863 0.8918478260869566 0.08517156862745098 0.14673913043478262
0 0.4206495098039216 0.5456521739130434 0.08517156862745098 0.14130434782608695
0 0.07567401960784313 0.7858695652173913 0.15134803921568626 0.30869565217391304
0 0.14613970588235295 0.06304347826086956 0.12683823529411764 0.23478260869565218
0 0.06311274509803921 0.05597826086956522 0.05514705882352941 0.09239130434782608
0 0.6571691176470589 0.07771739130434782 0.03860294117647059 0.08804347826086957
