0 0.09375 0.9119565217391304 0.19117647058823528 0.17391304347826086
0 0.6920955882352942 0.8548913043478261 0.25919117647058826 0.28804347826086957
0 0.8339460784313726 0.8391304347826087 0.08823529411764706 0.15434782608695652
0 0.1724877450980392 0.328804347826087 0.11948529411764706 0.21630434782608696
0 0.21721813725490197 0.49184782608695654 0.12806372549019607 0.22282608695652173
0 0.4954044117647059 0.4309782608695652 0.0900735294117647 0.16630434782608697
0 0.45925245098039214 0.4733695652173913 0.08026960784313726 0.12717391304347825
0 0.4583333333333333 0.529891304347826 0.06004901960784314 0.10543478260869565
0 0.4730392156862745 0.021739130434782608 0.07598039215686274 0.13043478260869565
0 0.3069852941176471 0.3282608695652174 0.056372549019607844 0.09347826086956522
0 0.21262254901960784 0.7407608695652174 0.05269607843137255 0.07934782608695652
0 0.9794730392156863 0.8967391304347826 0.03982843137254902 0.20434782608695654
