0 0.4880514705882353 0.48695652173913045 0.21997549019607843 0.3456521739130435
0 0.5615808823529411 0.2619565217391304 0.27512254901960786 0.4543478260869565
0 0.9368872549019608 0.3244565217391304 0.0857843137254902 0.13804347826086957
0 0.946078431372549 0.41358695652173916 0.06372549019607843 0.08586956521739131
0 0.9810049019607843 0.03369565217391304 0.06372549019607843 0.06739130434782609
0 0.9684436274509803 0.6385869565217391 0.04105392156862745 0.07065217391304347
0 0.5107230392156863 0.8994565217391305 0.12316176470588236 0.21195652173913043
0 0.3602941176470588 0.18858695652173912 0.09313725490196079 0.1532608695652174
0 0.20772058823529413 0.8380434782608696 0.06372549019607843 0.1108695652173913
0 0.05422794117647059 0.5309782608695652 0.10845588235294118 0.32065217391304346
0 0.16176470588235295 0.45543478260869563 0.07720588235294118 0.11521739130434783
0 0.13939950980392157 0.3782608695652174 0.06924019607843138 0.11956521739130435
