0 0.6902573529411765 0.15380434782608696 0.10477941176470588 0.17065217391304346
0 0.6985294117647058 0.3048913043478261 0.08823529411764706 0.15108695652173912
0 0.8256740196078431 0.8940217391304348 0.18198529411764705 0.20978260869565218
0 0.6669730392156863 0.6168478260869565 0.24571078431372548 0.4206521739130435
0 0.4414828431372549 0.7907608695652174 0.21507352941176472 0.37717391304347825
0 0.2702205882352941 0.8076086956521739 0.11029411764705882 0.1956521739130435
0 0.20680147058823528 0.8739130434782608 0.08272058823529412 0.1608695652173913
0 0.125 0.8646739130434783 0.06862745098039216 0.11195652173913044
0 0.13878676470588236 0.6782608695652174 0.052083333333333336 0.10217391304347827
0 0.07965686274509803 0.35434782608695653 0.0661764705882353 0.10217391304347827
0 0.046875 0.07282608695652174 0.07169117647058823 0.11739130434782609
