0 0.6412377450980392 0.11358695652173913 0.15502450980392157 0.1923913043478261
0 0.8253676470588235 0.06467391304347826 0.1482843137254902 0.12282608695652174
0 0.9325980392156863 0.08206521739130435 0.05759803921568627 0.12065217391304348
0 0.9834558823529411 0.11739130434782609 0.031862745098039214 0.08043478260869565
0 0.06924019607843138 0.8070652173913043 0.11519607843137254 0.20326086956521738
0 0.1412377450980392 0.5059782608695652 0.05575980392156863 0.0967391304347826
0 0.34987745098039214 0.20597826086956522 0.09436274509803921 0.16195652173913044
0 0.45159313725490197 0.4597826086956522 0.08333333333333333 0.14782608695652175
0 0.28707107843137253 0.7766304347826087 0.026348039215686275 0.04673913043478261
0 0.46047794117647056 0.6815217391304348 0.061887254901960786 0.10869565217391304
0 0.3707107843137255 0.9766304347826087 0.13970588235294118 0.24891304347826088
0 0.8958333333333334 0.8673913043478261 0.056372549019607844 0.1
