0 0.07536764705882353 0.9054347826086957 0.04779411764705882 0.08260869565217391
0 0.33394607843137253 0.7038043478260869 0.24142156862745098 0.4315217391304348
0 0.4476102941176471 0.3625 0.1868872549019608 0.33369565217391306
0 0.1712622549019608 0.18641304347826088 0.05698529411764706 0.09891304347826087
0 0.7855392156862745 0.7559782608695652 0.08333333333333333 0.11847826086956521
0 0.8639705882352942 0.8608695652173913 0.24142156862745098 0.27608695652173915
0 0.9650735294117647 0.657608695652174 0.06862745098039216 0.30217391304347824
0 0.9871323529411765 0.4983695652173913 0.024509803921568627 0.11630434782608695
0 0.9093137254901961 0.25380434782608696 0.06004901960784314 0.11630434782608695
0 0.9390318627450981 0.3521739130434783 0.06066176470588235 0.09130434782608696
0 0.8780637254901961 0.5826086956521739 0.11397058823529412 0.20217391304347826
0 0.6724877450980392 0.3918478260869565 0.04350490196078431 0.06630434782608696
0 0.7166053921568627 0.28369565217391307 0.0508578431372549 0.09565217391304348
0 0.6004901960784313 0.15434782608695652 0.0784313725490196 0.13695652173913042
0 0.78125 0.1516304347826087 0.11397058823529412 0.20326086956521738
