0 0.7876838235294118 0.3907608695652174 0.0741421568627451 0.13152173913043477
0 0.7248774509803921 0.6021739130434782 0.12622549019607843 0.22391304347826088
0 0.8189338235294118 0.7266304347826087 0.07536764705882353 0.13152173913043477
0 0.9610906862745098 0.7353260869565217 0.13909313725490197 0.2619565217391304
0 0.33547794117647056 0.6434782608695652 0.13541666666666666 0.24130434782608695
0 0.4016544117647059 0.5043478260869565 0.06066176470588235 0.11304347826086956
0 0.49295343137254904 0.27010869565217394 0.07169117647058823 0.11413043478260869
0 0.9387254901960784 0.17119565217391305 0.024509803921568627 0.075
0 0.5465686274509803 0.12119565217391304 0.09681372549019608 0.1815217391304348
0 0.5664828431372549 0.7646739130434783 0.03125 0.051086956521739134
0 0.5395220588235294 0.8255434782608696 0.02144607843137255 0.03804347826086957
0 0.09099264705882353 0.16630434782608697 0.10232843137254902 0.17391304347826086
0 0.04411764705882353 0.7940217391304348 0.06495098039215687 0.12065217391304348
