0 0.06832107843137254 0.5206521739130435 0.06433823529411764 0.11521739130434783
0 0.18658088235294118 0.841304347826087 0.08762254901960784 0.15217391304347827
0 0.1712622549019608 0.7375 0.03002450980392157 0.05326086956521739
0 0.3449754901960784 0.845108695652174 0.10049019607843138 0.19021739130434784
0 0.28737745098039214 0.825 0.049019607843137254 0.1282608695652174
0 0.5036764705882353 0.7157608695652173 0.0012254901960784314 0.0010869565217391304
0 0.4675245098039216 0.9168478260869565 0.17279411764705882 0.30543478260869567
0 0.25306372549019607 0.47282608695652173 0.1715686274509804 0.30434782608695654
0 0.803921568627451 0.36195652173913045 0.05514705882352941 0.09782608695652174
0 0.5098039215686274 0.34293478260869564 0.2818627450980392 0.48586956521739133
0 0.6268382352941176 0.1891304347826087 0.12622549019607843 0.21739130434782608
0 0.6645220588235294 0.041304347826086954 0.14399509803921567 0.08260869565217391
0 0.9451593137254902 0.3625 0.17830882352941177 0.31630434782608696
