0 0.2974877450980392 0.6875 0.06678921568627451 0.11847826086956521
0 0.19607843137254902 0.3190217391304348 0.12745098039215685 0.22065217391304348
0 0.28952205882352944 0.41684782608695653 0.16237745098039216 0.28152173913043477
0 0.9212622549019608 0.6951086956521739 0.06066176470588235 0.09891304347826087
0 0.6675857843137255 0.5972826086956522 0.07169117647058823 0.11847826086956521
0 0.4650735294117647 0.8190217391304347 0.06372549019607843 0.10760869565217392
0 0.04963235294117647 0.1451086956521739 0.05392156862745098 0.09891304347826087
0 0.9117647058823529 0.35489130434782606 0.06862745098039216 0.11630434782608695
0 0.7150735294117647 0.1423913043478261 0.1213235294117647 0.19782608695652174
0 0.3759191176470588 0.45815217391304347 0.04718137254901961 0.09021739130434783
0 0.21446078431372548 0.6831521739130435 0.029411764705882353 0.057608695652173914
0 0.5600490196078431 0.05271739130434783 0.04411764705882353 0.06630434782608696
0 0.8014705882352942 0.6858695652173913 0.125 0.18478260869565216
0 0.8566176470588235 0.821195652173913 0.1090686274509804 0.1967391304347826
