0 0.10998774509803921 0.26956521739130435 0.18321078431372548 0.29347826086956524
0 0.12714460784313725 0.4652173913043478 0.07169117647058823 0.11956521739130435
0 0.19025735294117646 0.5375 0.037377450980392156 0.07065217391304347
0 0.2034313725490196 0.6625 0.07230392156862746 0.1423913043478261
0 0.42800245098039214 0.6798913043478261 0.06556372549019608 0.13152173913043477
0 0.4950980392156863 0.6875 0.08700980392156862 0.15978260869565217
0 0.4641544117647059 0.7673913043478261 0.06066176470588235 0.10217391304347827
0 0.4990808823529412 0.9010869565217391 0.11580882352941177 0.1956521739130435
0 0.5943627450980392 0.4891304347826087 0.022058823529411766 0.03695652173913044
0 0.6308210784313726 0.5831521739130435 0.10845588235294118 0.1923913043478261
0 0.39276960784313725 0.20543478260869566 0.09191176470588236 0.1608695652173913
0 0.75 0.09619565217391304 0.22181372549019607 0.39021739130434785
0 0.5067401960784313 0.5722826086956522 0.041666666666666664 0.075
