0 0.28860294117647056 0.746195652173913 0.09191176470588236 0.15108695652173912
0 0.2965686274509804 0.907608695652174 0.09068627450980392 0.17173913043478262
0 0.12745098039215685 0.7293478260869565 0.05269607843137255 0.1
0 0.2772671568627451 0.4940217391304348 0.08026960784313726 0.14456521739130435
0 0.12928921568627452 0.40380434782608693 0.09926470588235294 0.1923913043478261
0 0.1712622549019608 0.21684782608695652 0.03860294117647059 0.08152173913043478
0 0.7239583333333334 0.2554347826086957 0.10110294117647059 0.18043478260869567
0 0.6587009803921569 0.8277173913043478 0.06372549019607843 0.125
0 0.078125 0.9407608695652174 0.06801470588235294 0.12065217391304348
0 0.5300245098039216 0.6679347826086957 0.20098039215686275 0.36630434782608695
0 0.602328431372549 0.5070652173913044 0.058823529411764705 0.125
0 0.04258578431372549 0.06576086956521739 0.10355392156862746 0.13152173913043477
0 0.3596813725490196 0.03967391304347826 0.056372549019607844 0.07934782608695652
0 0.9764093137254902 0.41358695652173916 0.04595588235294118 0.1358695652173913
0 0.9782475490196079 0.9418478260869565 0.034926470588235295 0.12282608695652174
0 0.9473039215686274 0.17119565217391305 0.05269607843137255 0.09456521739130434
0 0.8909313725490197 0.28369565217391307 0.05759803921568627 0.09782608695652174
