0 0.08057598039215687 0.7195652173913043 0.05821078431372549 0.1
0 0.12775735294117646 0.4440217391304348 0.06556372549019608 0.11847826086956521
0 0.2760416666666667 0.7641304347826087 0.08517156862745098 0.14565217391304347
0 0.38480392156862747 0.7630434782608696 0.11519607843137254 0.20652173913043478
0 0.44485294117647056 0.5565217391304348 0.05269607843137255 0.10869565217391304
0 0.6452205882352942 0.8315217391304348 0.04779411764705882 0.08478260869565217
0 0.8406862745098039 0.9103260869565217 0.0661764705882353 0.11413043478260869
0 0.9512867647058824 0.9315217391304348 0.04963235294117647 0.08260869565217391
0 0.7818627450980392 0.6440217391304348 0.05514705882352941 0.09891304347826087
0 0.8780637254901961 0.5641304347826087 0.16053921568627452 0.28043478260869564
0 0.6871936274509803 0.23967391304347826 0.2689950980392157 0.475
0 0.5912990196078431 0.4255434782608696 0.09313725490196079 0.16847826086956522
0 0.42432598039215685 0.32771739130434785 0.06433823529411764 0.10978260869565218
0 0.42953431372549017 0.2554347826086957 0.031862745098039214 0.05652173913043478
0 0.29534313725490197 0.24293478260869567 0.19240196078431374 0.3402173913043478
0 0.14307598039215685 0.2576086956521739 0.09375 0.16304347826086957
0 0.9068627450980392 0.10760869565217392 0.18504901960784315 0.5608695652173913
