0 0.1400122549019608 0.26032608695652176 0.15870098039215685 0.33804347826086956
0 0.19056372549019607 0.275 0.18504901960784315 0.3173913043478261
0 0.6712622549019608 0.2532608695652174 0.17463235294117646 0.2891304347826087
0 0.6703431372549019 0.37771739130434784 0.125 0.1858695652173913
0 0.5738357843137255 0.9114130434782609 0.18443627450980393 0.3293478260869565
0 0.38817401960784315 0.8320652173913043 0.12438725490196079 0.2184782608695652
0 0.41942401960784315 0.11684782608695653 0.1170343137254902 0.2076086956521739
0 0.42769607843137253 0.3092391304347826 0.08946078431372549 0.16195652173913044
0 0.019301470588235295 0.1858695652173913 0.06924019607843138 0.12608695652173912
0 0.2604166666666667 0.05434782608695652 0.1090686274509804 0.10217391304347827
