0 0.35753676470588236 0.3179347826086957 0.13051470588235295 0.23369565217391305
0 0.4730392156862745 0.5309782608695652 0.12990196078431374 0.2184782608695652
0 0.6737132352941176 0.4548913043478261 0.07904411764705882 0.13152173913043477
0 0.8311887254901961 0.5875 0.20526960784313725 0.3684782608695652
0 0.7763480392156863 0.29782608695652174 0.13480392156862744 0.23043478260869565
0 0.07904411764705882 0.8510869565217392 0.058823529411764705 0.10652173913043478
0 0.17003676470588236 0.7141304347826087 0.026348039215686275 0.04565217391304348
0 0.05759803921568627 0.2233695652173913 0.07720588235294118 0.17717391304347826
0 0.5824142156862745 0.725 0.14399509803921567 0.2543478260869565
0 0.9675245098039216 0.03315217391304348 0.04656862745098039 0.08586956521739131
0 0.6755514705882353 0.275 0.03615196078431373 0.06521739130434782
