0 0.07291666666666667 0.07445652173913044 0.0821078431372549 0.12934782608695652
0 0.12438725490196079 0.8375 0.09681372549019608 0.16630434782608697
0 0.5045955882352942 0.6059782608695652 0.18198529411764705 0.32717391304347826
0 0.17708333333333334 0.38206521739130433 0.2965686274509804 0.5358695652173913
0 0.6397058823529411 0.5092391304347826 0.1053921568627451 0.16630434782608697
0 0.9332107843137255 0.2722826086956522 0.1875 0.32717391304347826
0 0.4065563725490196 0.275 0.04963235294117647 0.08260869565217391
0 0.47518382352941174 0.10108695652173913 0.034926470588235295 0.06739130434782609
0 0.6237745098039216 0.1423913043478261 0.031862745098039214 0.05652173913043478
0 0.7028186274509803 0.8766304347826087 0.20220588235294118 0.24456521739130435
