0 0.09099264705882353 0.46793478260869564 0.14276960784313725 0.2510869565217391
0 0.7806372549019608 0.6809782608695653 0.16666666666666666 0.2902173913043478
0 0.7426470588235294 0.5391304347826087 0.06740196078431372 0.08043478260869565
0 0.8939950980392157 0.6146739130434783 0.09191176470588236 0.1532608695652174
0 0.8621323529411765 0.44021739130434784 0.11519607843137254 0.2
0 0.6069240196078431 0.06684782608695652 0.09620098039215687 0.1641304347826087
0 0.31004901960784315 0.37119565217391304 0.04534313725490196 0.08369565217391305
0 0.3075980392156863 0.4603260869565217 0.03553921568627451 0.0641304347826087
0 0.5471813725490197 0.5880434782608696 0.06372549019607843 0.14347826086956522
0 0.15992647058823528 0.8559782608695652 0.09681372549019608 0.175
0 0.26317401960784315 0.8201086956521739 0.0900735294117647 0.16630434782608697
0 0.21599264705882354 0.7309782608695652 0.0030637254901960784 0.007608695652173913
0 0.3633578431372549 0.8777173913043478 0.049019607843137254 0.09239130434782608
0 0.6351102941176471 0.8320652173913043 0.04840686274509804 0.08586956521739131
