0 0.8253676470588235 0.32282608695652176 0.33700980392156865 0.5978260869565217
0 0.43014705882352944 0.5483695652173913 0.2426470588235294 0.40108695652173915
0 0.42493872549019607 0.8527173913043479 0.10477941176470588 0.1858695652173913
0 0.1721813725490196 0.9108695652173913 0.14583333333333334 0.27391304347826084
0 0.31035539215686275 0.8766304347826087 0.11825980392156862 0.24456521739130435
0 0.7190563725490197 0.6092391304347826 0.0741421568627451 0.13152173913043477
0 0.6348039215686274 0.5945652173913043 0.07720588235294118 0.1608695652173913
0 0.7398897058823529 0.8967391304347826 0.07169117647058823 0.13695652173913042
0 0.17892156862745098 0.45760869565217394 0.11029411764705882 0.2
0 0.2261029411764706 0.3157608695652174 0.0661764705882353 0.11195652173913044
0 0.0701593137254902 0.9668478260869565 0.052083333333333336 0.09239130434782608
0 0.6418504901960784 0.4282608695652174 0.052083333333333336 0.10217391304347827
0 0.40839460784313725 0.9891304347826086 0.04963235294117647 0.0782608695652174
