0 0.09466911764705882 0.9891304347826086 0.11825980392156862 0.21521739130434783
0 0.1792279411764706 0.9625 0.08272058823529412 0.15108695652173912
0 0.6363357843137255 0.10760869565217392 0.12928921568627452 0.21521739130434783
0 0.7815563725490197 0.20271739130434782 0.09375 0.17065217391304346
0 0.8075980392156863 0.08478260869565217 0.07965686274509803 0.12173913043478261
0 0.1017156862745098 0.8429347826086957 0.04411764705882353 0.08804347826086957
0 0.2867647058823529 0.7902173913043479 0.05514705882352941 0.10217391304347827
0 0.4068627450980392 0.9815217391304348 0.06862745098039216 0.10217391304347827
0 0.8036151960784313 0.3695652173913043 0.09375 0.1608695652173913
0 0.25214460784313725 0.3527173913043478 0.052083333333333336 0.08804347826086957
