0 0.020833333333333332 0.37880434782608696 0.06004901960784314 0.10978260869565218
0 0.7359068627450981 0.2125 0.09191176470588236 0.14891304347826087
0 0.8780637254901961 0.06467391304347826 0.10294117647058823 0.12934782608695652
0 0.6795343137254902 0.07717391304347826 0.1409313725490196 0.15434782608695652
0 0.45465686274509803 0.9869565217391304 0.0661764705882353 0.12608695652173912
0 0.9169730392156863 0.971195652173913 0.12071078431372549 0.2141304347826087
0 0.08026960784313726 0.3 0.07720588235294118 0.13478260869565217
0 0.78125 0.5016304347826087 0.061274509803921566 0.10326086956521739
0 0.8483455882352942 0.8445652173913043 0.052083333333333336 0.09782608695652174
0 0.7977941176470589 0.8913043478260869 0.05024509803921569 0.10652173913043478
