0 0.25857843137254904 0.8630434782608696 0.11274509803921569 0.1934782608695652
0 0.11764705882352941 0.8483695652173913 0.16789215686274508 0.3010869565217391
0 0.7558210784313726 0.6864130434782608 0.061887254901960786 0.12065217391304348
0 0.6381740196078431 0.5472826086956522 0.10600490196078431 0.18804347826086956
0 0.6957720588235294 0.4429347826086957 0.0778186274509804 0.14891304347826087
0 0.3851102941176471 0.07989130434782608 0.12806372549019607 0.23369565217391305
0 0.8253676470588235 0.28152173913043477 0.1090686274509804 0.20217391304347826
0 0.8296568627450981 0.46630434782608693 0.09191176470588236 0.15434782608695652
0 0.9329044117647058 0.9195652173913044 0.1329656862745098 0.15869565217391304
0 0.7061887254901961 0.09782608695652174 0.05698529411764706 0.09782608695652174
0 0.5882352941176471 0.8467391304347827 0.011029411764705883 0.002173913043478261
