0 0.8982843137254902 0.3233695652173913 0.12990196078431374 0.2576086956521739
0 0.9283088235294118 0.7396739130434783 0.14950980392156862 0.2728260869565217
0 0.7025122549019608 0.8918478260869566 0.10355392156862746 0.18369565217391304
0 0.4788602941176471 0.9586956521739131 0.10600490196078431 0.19130434782608696
0 0.7313112745098039 0.24565217391304348 0.21017156862745098 0.3717391304347826
0 0.9810049019607843 0.9543478260869566 0.0661764705882353 0.11956521739130435
0 0.26715686274509803 0.9402173913043478 0.07598039215686274 0.12608695652173912
0 0.19424019607843138 0.8032608695652174 0.11642156862745098 0.20434782608695654
0 0.3857230392156863 0.529891304347826 0.06556372549019608 0.12065217391304348
0 0.5833333333333334 0.6135869565217391 0.023284313725490197 0.03804347826086957
0 0.8771446078431373 0.06086956521739131 0.06678921568627451 0.10652173913043478
0 0.33762254901960786 0.41195652173913044 0.061274509803921566 0.1
