0 0.24479166666666666 0.6967391304347826 0.23958333333333334 0.41956521739130437
0 0.9978553921568627 0.7554347826086957 0.13174019607843138 0.2108695652173913
0 0.7022058823529411 0.35978260869565215 0.3443627450980392 0.6086956521739131
0 0.5992647058823529 0.8059782608695653 0.1409313725490196 0.24456521739130435
0 0.883578431372549 0.596195652173913 0.06495098039215687 0.16847826086956522
0 0.056372549019607844 0.6255434782608695 0.11274509803921569 0.2141304347826087
0 0.4727328431372549 0.06141304347826087 0.10600490196078431 0.12282608695652174
0 0.1323529411764706 0.06358695652173912 0.06495098039215687 0.11195652173913044
0 0.04963235294117647 0.8559782608695652 0.0392156862745098 0.075
0 0.12071078431372549 0.871195652173913 0.06495098039215687 0.11195652173913044
0 0.8814338235294118 0.24021739130434783 0.03125 0.058695652173913045
