0 0.39338235294117646 0.7369565217391304 0.19607843137254902 0.3869565217391304
0 0.49142156862745096 0.6978260869565217 0.15441176470588236 0.2891304347826087
0 0.10018382352941177 0.5065217391304347 0.0741421568627451 0.12173913043478261
0 0.15441176470588236 0.6711956521739131 0.11029411764705882 0.20543478260869566
0 0.2647058823529412 0.5875 0.09926470588235294 0.16630434782608697
0 0.25214460784313725 0.7364130434782609 0.08517156862745098 0.13152173913043477
0 0.025735294117647058 0.1 0.18504901960784315 0.34782608695652173
0 0.18995098039215685 0.00923913043478261 0.16544117647058823 0.28369565217391307
0 0.6004901960784313 0.30543478260869567 0.1017156862745098 0.18043478260869567
0 0.7870710784313726 0.24130434782608695 0.10477941176470588 0.18043478260869567
0 0.8694852941176471 0.08695652173913043 0.11029411764705882 0.1956521739130435
0 0.8903186274509803 0.7983695652173913 0.07965686274509803 0.14673913043478262
0 0.7150735294117647 0.6364130434782609 0.05514705882352941 0.10760869565217392
0 0.9482230392156863 0.8673913043478261 0.052083333333333336 0.09782608695652174
