0 0.44056372549019607 0.35489130434782606 0.1568627450980392 0.28152173913043477
0 0.8651960784313726 0.7086956521739131 0.2696078431372549 0.47608695652173916
0 0.07965686274509803 0.35597826086956524 0.08088235294117647 0.13804347826086957
0 0.0784313725490196 0.5010869565217392 0.08088235294117647 0.15217391304347827
0 0.13143382352941177 0.42391304347826086 0.04718137254901961 0.09782608695652174
0 0.5435049019607843 0.8076086956521739 0.05024509803921569 0.0891304347826087
0 0.6277573529411765 0.49184782608695654 0.05698529411764706 0.10326086956521739
0 0.8379289215686274 0.39293478260869563 0.05821078431372549 0.10326086956521739
0 0.8881740196078431 0.3423913043478261 0.05821078431372549 0.11521739130434783
0 0.9712009803921569 0.36086956521739133 0.049019607843137254 0.09565217391304348
0 0.09160539215686274 0.17119565217391305 0.04105392156862745 0.09239130434782608
0 0.06709558823529412 0.2141304347826087 0.042279411764705885 0.0891304347826087
0 0.021139705882352942 0.8309782608695652 0.03615196078431373 0.07282608695652174
