0 0.007659313725490196 0.02010869565217391 0.03982843137254902 0.06847826086956521
0 0.6920955882352942 0.3233695652173913 0.03125 0.03804347826086957
0 0.6878063725490197 0.38532608695652176 0.06556372549019608 0.11630434782608695
0 0.625 0.16630434782608697 0.05514705882352941 0.1
0 0.43045343137254904 0.26521739130434785 0.04840686274509804 0.0891304347826087
0 0.8526348039215687 0.6771739130434783 0.034926470588235295 0.06304347826086956
0 0.49816176470588236 0.9217391304347826 0.0625 0.0782608695652174
0 0.2536764705882353 0.783695652173913 0.08946078431372549 0.16521739130434782
0 0.09037990196078431 0.7858695652173913 0.032475490196078434 0.06086956521739131
0 0.47702205882352944 0.6516304347826087 0.05698529411764706 0.09891304347826087
