0 0.6378676470588235 0.2184782608695652 0.041666666666666664 0.07173913043478261
0 0.6124387254901961 0.3076086956521739 0.08149509803921569 0.12608695652173912
0 0.6553308823529411 0.3907608695652174 0.14767156862745098 0.266304347826087
0 0.8385416666666666 0.043478260869565216 0.061887254901960786 0.08695652173913043
0 0.6026348039215687 0.1358695652173913 0.06556372549019608 0.11739130434782609
0 0.7334558823529411 0.1592391304347826 0.06985294117647059 0.125
0 0.8465073529411765 0.35054347826086957 0.025122549019607844 0.04891304347826087
0 0.7797181372549019 0.7141304347826087 0.025122549019607844 0.041304347826086954
0 0.796875 0.5353260869565217 0.0704656862745098 0.12934782608695652
0 0.12745098039215685 0.2657608695652174 0.0392156862745098 0.07065217391304347
0 0.33425245098039214 0.6054347826086957 0.034926470588235295 0.06086956521739131
0 0.32996323529411764 0.6402173913043478 0.014093137254901961 0.021739130434782608
0 0.2034313725490196 0.7559782608695652 0.0196078431372549 0.03369565217391304
0 0.3713235294117647 0.6951086956521739 0.01838235294117647 0.035869565217391305
0 0.9883578431372549 0.7184782608695652 0.06740196078431372 0.12391304347826088
