0 0.12071078431372549 0.7239130434782609 0.07107843137254902 0.13478260869565217
0 0.4169730392156863 0.95 0.06311274509803921 0.09782608695652174
0 0.4362745098039216 0.24565217391304348 0.09191176470588236 0.15217391304347827
0 0.9417892156862745 0.0983695652173913 0.04411764705882353 0.08369565217391305
0 0.7371323529411765 0.48695652173913045 0.10294117647058823 0.19130434782608696
0 0.5165441176470589 0.566304347826087 0.02696078431372549 0.05
0 0.5220588235294118 0.975 0.03799019607843137 0.04782608695652174
0 0.5199142156862745 0.24782608695652175 0.042279411764705885 0.0782608695652174
0 0.5193014705882353 0.20543478260869566 0.018995098039215685 0.0391304347826087
0 0.6755514705882353 0.7114130434782608 0.02022058823529412 0.035869565217391305
