0 0.12837009803921567 0.7842391304347827 0.05943627450980392 0.10326086956521739
0 0.15992647058823528 0.7048913043478261 0.06862745098039216 0.11847826086956521
0 0.5098039215686274 0.7152173913043478 0.03553921568627451 0.06739130434782609
0 0.05361519607843137 0.65 0.04350490196078431 0.0782608695652174
0 0.7064950980392157 0.8934782608695652 0.029411764705882353 0.05217391304347826
0 0.9071691176470589 0.7793478260869565 0.02267156862745098 0.03695652173913044
0 0.33547794117647056 0.22065217391304348 0.027573529411764705 0.04782608695652174
0 0.5039828431372549 0.1233695652173913 0.05698529411764706 0.10108695652173913
0 0.2821691176470588 0.075 0.04350490196078431 0.07391304347826087
0 0.4267769607843137 0.39402173913043476 0.05698529411764706 0.10543478260869565
