0 0.33455882352941174 0.3016304347826087 0.028186274509803922 0.04891304347826087
0 0.5943627450980392 0.3130434782608696 0.03308823529411765 0.05434782608695652
0 0.6654411764705882 0.4994565217391304 0.025735294117647058 0.04456521739130435
0 0.6029411764705882 0.575 0.031862745098039214 0.06086956521739131
0 0.930453431372549 0.6315217391304347 0.061887254901960786 0.13260869565217392
0 0.9718137254901961 0.6315217391304347 0.03799019607843137 0.1
0 0.875 0.7114130434782608 0.04044117647058824 0.06630434782608696
0 0.7423406862745098 0.7744565217391305 0.04595588235294118 0.09239130434782608
0 0.7040441176470589 0.8961956521739131 0.03676470588235294 0.06847826086956521
0 0.9466911764705882 0.9820652173913044 0.03799019607843137 0.03369565217391304
