0 0.7916666666666666 0.23097826086956522 0.14215686274509803 0.266304347826087
0 0.34221813725490197 0.4076086956521739 0.03982843137254902 0.07391304347826087
0 0.5223651960784313 0.6222826086956522 0.05575980392156863 0.10543478260869565
0 0.6133578431372549 0.5472826086956522 0.049019607843137254 0.09239130434782608
0 0.757046568627451 0.5543478260869565 0.06066176470588235 0.10652173913043478
0 0.9528186274509803 0.07010869565217391 0.03553921568627451 0.06195652173913044
0 0.5698529411764706 0.16032608695652173 0.031862745098039214 0.057608695652173914
0 0.5873161764705882 0.14891304347826087 0.03125 0.041304347826086954
0 0.9129901960784313 0.8777173913043478 0.04411764705882353 0.08152173913043478
0 0.44025735294117646 0.3375 0.05821078431372549 0.10543478260869565
0 0.14705882352941177 0.042391304347826085 0.06985294117647059 0.08478260869565217
