0 0.95849609375 0.3892988929889299 0.0361328125 0.06273062730627306
0 0.60107421875 0.2047970479704797 0.0419921875 0.07011070110701106
0 0.189453125 0.09040590405904059 0.041015625 0.07380073800738007
0 0.14990234375 0.6752767527675276 0.0302734375 0.055350553505535055
0 0.63623046875 0.9261992619926199 0.0458984375 0.08487084870848709
0 0.9189453125 0.9566420664206642 0.068359375 0.07564575645756458
0 0.97509765625 0.43726937269372695 0.0224609375 0.04059040590405904
0 0.57861328125 0.8108856088560885 0.0517578125 0.0940959409594096
0 0.677734375 0.24261992619926198 0.02734375 0.04981549815498155
0 0.43115234375 0.011992619926199263 0.0322265625 0.023985239852398525
0 0.23681640625 0.764760147601476 0.0732421875 0.13468634686346864
0 0.6513671875 0.768450184501845 0.0078125 0.03136531365313653
0 0.79296875 0.2444649446494465 0.009765625 0.016605166051660517
0 0.630859375 0.9870848708487084 0.025390625 0.02214022140221402
