0 0.56982421875 0.8607011070110702 0.0400390625 0.06826568265682657
0 0.9775390625 0.794280442804428 0.037109375 0.06088560885608856
0 0.9326171875 0.1577490774907749 0.037109375 0.05719557195571956
0 0.0244140625 0.048892988929889296 0.029296875 0.05350553505535055
0 0.51220703125 0.6817343173431735 0.0693359375 0.11992619926199262
0 0.134765625 0.41697416974169743 0.0234375 0.03690036900369004
0 0.0703125 0.18357933579335795 0.033203125 0.042435424354243544
0 0.2939453125 0.6808118081180812 0.017578125 0.033210332103321034
0 0.533203125 0.3994464944649446 0.013671875 0.03136531365313653
0 0.98388671875 0.7020295202952029 0.0302734375 0.13837638376383765
0 0.771484375 0.39391143911439114 0.013671875 0.02029520295202952
0 0.53076171875 0.048892988929889296 0.0576171875 0.09778597785977859
