0 0.37353515625 0.7407749077490775 0.0419921875 0.06826568265682657
0 0.24853515625 0.683579335793358 0.0361328125 0.06088560885608856
0 0.291015625 0.9289667896678967 0.0390625 0.06826568265682657
0 0.53125 0.3274907749077491 0.0390625 0.06088560885608856
0 0.3955078125 0.9658671586715867 0.044921875 0.06457564575645756
0 0.2421875 0.7998154981549815 0.048828125 0.08671586715867159
0 0.29736328125 0.09870848708487084 0.0185546875 0.03136531365313653
0 0.1796875 0.9732472324723247 0.0390625 0.04981549815498155
0 0.5439453125 0.7324723247232472 0.046875 0.08118081180811808
0 0.51904296875 0.07195571955719557 0.0498046875 0.09225092250922509
0 0.21875 0.8874538745387454 0.02734375 0.04797047970479705
0 0.1318359375 0.7204797047970479 0.05078125 0.11992619926199262
0 0.66015625 0.03874538745387454 0.03125 0.055350553505535055
0 0.185546875 0.06734317343173432 0.095703125 0.13468634686346864
0 0.37939453125 0.6254612546125461 0.0361328125 0.06273062730627306
0 0.98486328125 0.1448339483394834 0.0283203125 0.11992619926199262
0 0.40185546875 0.8025830258302583 0.0166015625 0.033210332103321034
0 0.69189453125 0.5894833948339483 0.0810546875 0.17896678966789667
0 0.52685546875 0.4261992619926199 0.0810546875 0.13653136531365315
0 0.486328125 0.29612546125461253 0.0078125 0.023985239852398525
0 0.49365234375 0.3081180811808118 0.0107421875 0.02214022140221402
0 0.45947265625 0.3699261992619926 0.0126953125 0.02029520295202952
0 0.9052734375 0.22785977859778597 0.01953125 0.03136531365313653
0 0.5361328125 0.9234317343173432 0.017578125 0.027675276752767528
