0 0.521484375 0.8210332103321033 0.0390625 0.07011070110701106
0 0.7841796875 0.7158671586715867 0.044921875 0.07380073800738007
0 0.5498046875 0.07287822878228782 0.044921875 0.07564575645756458
0 0.75537109375 0.47232472324723246 0.0244140625 0.04428044280442804
0 0.02783203125 0.3929889298892989 0.0419921875 0.07011070110701106
0 0.150390625 0.06273062730627306 0.0234375 0.04059040590405904
0 0.0205078125 0.4575645756457565 0.041015625 0.07749077490774908
0 0.7236328125 0.6743542435424354 0.033203125 0.05350553505535055
0 0.47216796875 0.8311808118081181 0.0595703125 0.10516605166051661
0 0.04248046875 0.2822878228782288 0.0615234375 0.11070110701107011
0 0.978515625 0.6263837638376384 0.03515625 0.07195571955719557
0 0.59423828125 0.8422509225092251 0.0498046875 0.13099630996309963
0 0.60693359375 0.5821033210332104 0.0087890625 0.03136531365313653
