0 0.58447265625 0.8514760147601476 0.0439453125 0.07564575645756458
0 0.8583984375 0.7813653136531366 0.041015625 0.07564575645756458
0 0.72314453125 0.20202952029520296 0.0361328125 0.06088560885608856
0 0.21435546875 0.9317343173431735 0.0341796875 0.05904059040590406
0 0.1220703125 0.6900369003690037 0.048828125 0.08487084870848709
0 0.806640625 0.27398523985239853 0.0390625 0.06826568265682657
0 0.88427734375 0.07749077490774908 0.0341796875 0.05904059040590406
0 0.9208984375 0.5839483394833949 0.037109375 0.06457564575645756
0 0.89306640625 0.764760147601476 0.0341796875 0.06088560885608856
0 0.03955078125 0.37546125461254615 0.0341796875 0.06457564575645756
0 0.87890625 0.6208487084870848 0.033203125 0.06088560885608856
0 0.3662109375 0.9455719557195572 0.037109375 0.06457564575645756
0 0.6708984375 0.7869003690036901 0.03515625 0.06088560885608856
0 0.8115234375 0.06826568265682657 0.037109375 0.06642066420664207
0 0.64599609375 0.3016605166051661 0.0302734375 0.05719557195571956
0 0.7861328125 0.03690036900369004 0.03125 0.055350553505535055
0 0.2138671875 0.6162361623616236 0.0234375 0.04059040590405904
0 0.572265625 0.26752767527675275 0.044921875 0.08487084870848709
0 0.693359375 0.35977859778597787 0.04296875 0.07380073800738007
0 0.06201171875 0.7011070110701108 0.0576171875 0.11070110701107011
0 0.73974609375 0.39206642066420666 0.0361328125 0.046125461254612546
0 0.82275390625 0.8265682656826568 0.0634765625 0.11070110701107011
0 0.19580078125 0.768450184501845 0.0185546875 0.023985239852398525
0 0.15185546875 0.9418819188191881 0.0634765625 0.0940959409594096
0 0.802734375 0.6457564575645757 0.029296875 0.055350553505535055
0 0.6494140625 0.40129151291512916 0.044921875 0.11992619926199262
0 0.33349609375 0.4317343173431734 0.0400390625 0.14760147601476015
0 0.34521484375 0.07103321033210332 0.0224609375 0.023985239852398525
