0 0.89697265625 0.7444649446494465 0.0380859375 0.06457564575645756
0 0.3251953125 0.6946494464944649 0.037109375 0.06826568265682657
0 0.37451171875 0.13560885608856088 0.0458984375 0.08302583025830258
0 0.21044921875 0.0544280442804428 0.0517578125 0.0940959409594096
0 0.1708984375 0.8071955719557196 0.033203125 0.05350553505535055
0 0.783203125 0.9381918819188192 0.033203125 0.05719557195571956
0 0.40234375 0.23062730627306274 0.033203125 0.05166051660516605
0 0.7265625 0.1503690036900369 0.044921875 0.08302583025830258
0 0.08984375 0.5701107011070111 0.03515625 0.055350553505535055
0 0.291015625 0.6531365313653137 0.03125 0.055350553505535055
0 0.86279296875 0.9437269372693727 0.0244140625 0.042435424354243544
0 0.70068359375 0.7333948339483395 0.0224609375 0.03505535055350553
0 0.20947265625 0.8210332103321033 0.0302734375 0.055350553505535055
0 0.04150390625 0.9003690036900369 0.0146484375 0.02952029520295203
0 0.74462890625 0.540590405904059 0.0791015625 0.15129151291512916
0 0.669921875 0.709409594095941 0.01953125 0.03505535055350553
0 0.6923828125 0.3994464944649446 0.029296875 0.04981549815498155
0 0.9384765625 0.3210332103321033 0.029296875 0.05166051660516605
0 0.99365234375 0.9538745387453874 0.0107421875 0.055350553505535055
0 0.18896484375 0.3892988929889299 0.0166015625 0.033210332103321034
0 0.23486328125 0.9178966789667896 0.0087890625 0.023985239852398525
0 0.7626953125 0.9584870848708487 0.013671875 0.03505535055350553
0 0.748046875 0.4566420664206642 0.033203125 0.05350553505535055
0 0.71044921875 0.6023985239852399 0.0185546875 0.042435424354243544
0 0.23779296875 0.9704797047970479 0.0126953125 0.014760147601476014
