0 0.47216796875 0.5018450184501845 0.0458984375 0.07749077490774908
0 0.16845703125 0.9428044280442804 0.0322265625 0.055350553505535055
0 0.94921875 0.5027675276752768 0.03515625 0.05719557195571956
0 0.83447265625 0.41697416974169743 0.0361328125 0.06273062730627306
0 0.01806640625 0.514760147601476 0.0302734375 0.07011070110701106
0 0.1318359375 0.4095940959409594 0.025390625 0.04797047970479705
0 0.9794921875 0.2333948339483395 0.03515625 0.05350553505535055
0 0.16455078125 0.4603321033210332 0.0302734375 0.04981549815498155
0 0.53857421875 0.12546125461254612 0.0419921875 0.07380073800738007
0 0.63818359375 0.22416974169741696 0.0302734375 0.05350553505535055
0 0.8125 0.966789667896679 0.0234375 0.03690036900369004
0 0.43408203125 0.17619926199261993 0.0302734375 0.04981549815498155
0 0.15380859375 0.2011070110701107 0.0576171875 0.11070110701107011
0 0.1083984375 0.12361623616236163 0.08203125 0.15867158671586715
0 0.67626953125 0.6116236162361623 0.0634765625 0.11623616236162361
0 0.41015625 0.33025830258302585 0.025390625 0.04428044280442804
0 0.1572265625 0.4040590405904059 0.0234375 0.04428044280442804
0 0.5439453125 0.26199261992619927 0.0078125 0.01845018450184502
0 0.59033203125 0.9880073800738007 0.0439453125 0.02029520295202952
