0 0.14599609375 0.8477859778597786 0.0166015625 0.027675276752767528
0 0.796875 0.8754612546125461 0.03515625 0.06088560885608856
0 0.201171875 0.35608856088560886 0.05078125 0.09225092250922509
0 0.169921875 0.09501845018450185 0.03515625 0.06457564575645756
0 0.2705078125 0.9206642066420664 0.048828125 0.08856088560885608
0 0.791015625 0.3016605166051661 0.03125 0.05719557195571956
0 0.13671875 0.7887453874538746 0.021484375 0.03505535055350553
0 0.3798828125 0.9511070110701108 0.0546875 0.0940959409594096
0 0.96728515625 0.04151291512915129 0.0458984375 0.08302583025830258
0 0.6728515625 0.35977859778597787 0.03125 0.05166051660516605
0 0.6015625 0.5018450184501845 0.05859375 0.11808118081180811
0 0.3955078125 0.8856088560885609 0.03125 0.04428044280442804
0 0.64990234375 0.39575645756457567 0.0283203125 0.04981549815498155
0 0.2294921875 0.24354243542435425 0.05859375 0.14022140221402213
0 0.1904296875 0.2988929889298893 0.01171875 0.01845018450184502
0 0.54736328125 0.4381918819188192 0.0146484375 0.027675276752767528
0 0.27490234375 0.04981549815498155 0.0576171875 0.0996309963099631
0 0.15380859375 0.3865313653136531 0.0185546875 0.02029520295202952
0 0.9287109375 0.8957564575645757 0.017578125 0.03505535055350553
0 0.41552734375 0.9418819188191881 0.0166015625 0.046125461254612546
0 0.75244140625 0.9612546125461254 0.0263671875 0.033210332103321034
0 0.1220703125 0.955719557195572 0.021484375 0.025830258302583026
0 0.36083984375 0.8514760147601476 0.0478515625 0.13837638376383765
0 0.08251953125 0.5064575645756457 0.0146484375 0.03136531365313653
0 0.38671875 0.6134686346863468 0.009765625 0.016605166051660517
0 0.26953125 0.24077490774907748 0.01953125 0.042435424354243544
