0 0.52685546875 0.705719557195572 0.0458984375 0.07195571955719557
0 0.478515625 0.1033210332103321 0.041015625 0.06642066420664207
0 0.8232421875 0.1411439114391144 0.037109375 0.06088560885608856
0 0.77099609375 0.238929889298893 0.0537109375 0.0940959409594096
0 0.14599609375 0.3763837638376384 0.0341796875 0.05904059040590406
0 0.64892578125 0.22878228782287824 0.0361328125 0.06642066420664207
0 0.70751953125 0.7029520295202952 0.0458984375 0.07749077490774908
0 0.48583984375 0.043357933579335796 0.0244140625 0.046125461254612546
0 0.3447265625 0.0470479704797048 0.044921875 0.08302583025830258
0 0.05712890625 0.6503690036900369 0.0458984375 0.1014760147601476
0 0.8759765625 0.7822878228782287 0.013671875 0.02214022140221402
0 0.8896484375 0.518450184501845 0.03125 0.05166051660516605
0 0.5283203125 0.6429889298892989 0.025390625 0.042435424354243544
0 0.560546875 0.8994464944649446 0.05859375 0.1088560885608856
0 0.0927734375 0.477859778597786 0.048828125 0.1033210332103321
0 0.29052734375 0.8422509225092251 0.0185546875 0.03505535055350553
0 0.099609375 0.6383763837638377 0.029296875 0.05166051660516605
0 0.7138671875 0.17343173431734318 0.013671875 0.02214022140221402
0 0.0458984375 0.16328413284132842 0.064453125 0.11623616236162361
0 0.25244140625 0.26199261992619927 0.0615234375 0.11439114391143912
0 0.94775390625 0.7730627306273062 0.0166015625 0.04059040590405904
0 0.60009765625 0.8856088560885609 0.0146484375 0.04059040590405904
0 0.68603515625 0.1429889298892989 0.0244140625 0.03136531365313653
