0 0.03125 0.6937269372693727 0.044921875 0.07380073800738007
0 0.95703125 0.6226937269372693 0.037109375 0.06088560885608856
0 0.22021484375 0.8228782287822878 0.0458984375 0.07749077490774908
0 0.69140625 0.5959409594095941 0.03515625 0.05904059040590406
0 0.736328125 0.3994464944649446 0.021484375 0.03874538745387454
0 0.22900390625 0.5765682656826568 0.0478515625 0.08671586715867159
0 0.4609375 0.9308118081180812 0.03125 0.05350553505535055
0 0.71630859375 0.43634686346863466 0.0224609375 0.042435424354243544
0 0.58984375 0.6900369003690037 0.05078125 0.08856088560885608
0 0.08740234375 0.3726937269372694 0.0341796875 0.055350553505535055
0 0.98876953125 0.08118081180811808 0.0205078125 0.07011070110701106
0 0.58544921875 0.6226937269372693 0.0224609375 0.03874538745387454
0 0.513671875 0.14206642066420663 0.025390625 0.04059040590405904
0 0.7275390625 0.9381918819188192 0.033203125 0.05350553505535055
0 0.94384765625 0.6817343173431735 0.0263671875 0.046125461254612546
0 0.72705078125 0.6928044280442804 0.0927734375 0.16789667896678967
0 0.76025390625 0.8367158671586716 0.0966796875 0.16789667896678967
0 0.31201171875 0.977859778597786 0.0478515625 0.04059040590405904
0 0.07763671875 0.3238007380073801 0.0263671875 0.03136531365313653
0 0.1806640625 0.7287822878228782 0.015625 0.033210332103321034
0 0.18359375 0.9658671586715867 0.015625 0.03505535055350553
