0 0.90869140625 0.22416974169741696 0.0498046875 0.08671586715867159
0 0.87646484375 0.44280442804428044 0.0419921875 0.07011070110701106
0 0.919921875 0.7638376383763837 0.015625 0.025830258302583026
0 0.04052734375 0.6383763837638377 0.0400390625 0.07011070110701106
0 0.52783203125 0.023985239852398525 0.0224609375 0.033210332103321034
0 0.3173828125 0.03782287822878229 0.041015625 0.07195571955719557
0 0.19921875 0.7970479704797048 0.021484375 0.04059040590405904
0 0.9501953125 0.021217712177121772 0.0234375 0.03505535055350553
0 0.6484375 0.46494464944649444 0.05859375 0.11439114391143912
0 0.24072265625 0.6845018450184502 0.0849609375 0.15129151291512916
0 0.65234375 0.09501845018450185 0.044921875 0.0940959409594096
0 0.5166015625 0.1918819188191882 0.033203125 0.05166051660516605
0 0.22705078125 0.39760147601476015 0.0283203125 0.04981549815498155
0 0.671875 0.6116236162361623 0.03515625 0.07933579335793357
0 0.68115234375 0.027675276752767528 0.0556640625 0.055350553505535055
0 0.6767578125 0.6217712177121771 0.0546875 0.09225092250922509
0 0.66064453125 0.08948339483394833 0.0693359375 0.11623616236162361
0 0.6279296875 0.026752767527675275 0.041015625 0.05350553505535055
0 0.76220703125 0.39575645756457567 0.1650390625 0.27490774907749077
0 0.87744140625 0.7813653136531366 0.0634765625 0.11254612546125461
0 0.92626953125 0.9501845018450185 0.0224609375 0.03690036900369004
0 0.25 0.6263837638376384 0.03125 0.05719557195571956
0 0.94873046875 0.8422509225092251 0.0693359375 0.13837638376383765
0 0.638671875 0.7407749077490775 0.076171875 0.11992619926199262
0 0.572265625 0.8127306273062731 0.064453125 0.12730627306273062
0 0.533203125 0.8053505535055351 0.025390625 0.04981549815498155
0 0.58837890625 0.5728782287822878 0.0302734375 0.05350553505535055
0 0.19921875 0.8330258302583026 0.025390625 0.03136531365313653
0 0.96875 0.9704797047970479 0.056640625 0.055350553505535055
