0 0.89990234375 0.07749077490774908 0.0283203125 0.05166051660516605
0 0.71923828125 0.19280442804428044 0.0498046875 0.08302583025830258
0 0.86279296875 0.05996309963099631 0.0380859375 0.06088560885608856
0 0.32958984375 0.09132841328413284 0.0341796875 0.06088560885608856
0 0.44091796875 0.6734317343173432 0.0361328125 0.05904059040590406
0 0.48583984375 0.9621771217712177 0.0244140625 0.042435424354243544
0 0.72119140625 0.08763837638376384 0.0263671875 0.046125461254612546
0 0.44189453125 0.6697416974169742 0.0439453125 0.08118081180811808
0 0.7373046875 0.13468634686346864 0.02734375 0.03690036900369004
0 0.7080078125 0.12638376383763839 0.03515625 0.042435424354243544
0 0.01806640625 0.6928044280442804 0.0341796875 0.10516605166051661
0 0.64794921875 0.974169741697417 0.0361328125 0.03690036900369004
0 0.92822265625 0.31642066420664205 0.0107421875 0.02029520295202952
0 0.64208984375 0.3459409594095941 0.0712890625 0.11254612546125461
0 0.10791015625 0.5544280442804428 0.0146484375 0.03874538745387454
0 0.61572265625 0.7702952029520295 0.0224609375 0.042435424354243544
0 0.515625 0.27121771217712176 0.013671875 0.01845018450184502
0 0.74658203125 0.1688191881918819 0.0185546875 0.03136531365313653
0 0.888671875 0.5719557195571956 0.013671875 0.033210332103321034
