0 0.81201171875 0.4483394833948339 0.0458984375 0.07749077490774908
0 0.3271484375 0.8413284132841329 0.033203125 0.05904059040590406
0 0.04736328125 0.5470479704797048 0.0341796875 0.06088560885608856
0 0.74658203125 0.17896678966789667 0.0263671875 0.04797047970479705
0 0.2001953125 0.8477859778597786 0.02734375 0.046125461254612546
0 0.2080078125 0.7370848708487084 0.02734375 0.046125461254612546
0 0.50341796875 0.9640221402214022 0.0283203125 0.046125461254612546
0 0.25830078125 0.17435424354243542 0.0302734375 0.046125461254612546
0 0.3662109375 0.3274907749077491 0.02734375 0.04981549815498155
0 0.5556640625 0.5553505535055351 0.017578125 0.02952029520295203
0 0.98291015625 0.09040590405904059 0.0322265625 0.09225092250922509
0 0.0556640625 0.04151291512915129 0.05078125 0.08302583025830258
0 0.25537109375 0.2177121771217712 0.0166015625 0.02952029520295203
