0 0.310546875 0.05719557195571956 0.037109375 0.06273062730627306
0 0.447265625 0.238929889298893 0.01953125 0.03136531365313653
0 0.08154296875 0.8690036900369004 0.0400390625 0.07380073800738007
0 0.57958984375 0.3025830258302583 0.0576171875 0.11070110701107011
0 0.08447265625 0.08856088560885608 0.0322265625 0.055350553505535055
0 0.61572265625 0.1448339483394834 0.0419921875 0.07195571955719557
0 0.12158203125 0.36900369003690037 0.0556640625 0.1070110701107011
0 0.57470703125 0.29981549815498154 0.0380859375 0.09040590405904059
0 0.55224609375 0.7075645756457565 0.0869140625 0.15313653136531366
0 0.30712890625 0.1392988929889299 0.0517578125 0.10516605166051661
0 0.62548828125 0.18357933579335795 0.0732421875 0.13468634686346864
0 0.2421875 0.06826568265682657 0.05078125 0.0996309963099631
0 0.3603515625 0.1669741697416974 0.0234375 0.05719557195571956
0 0.1484375 0.8625461254612546 0.076171875 0.13837638376383765
0 0.732421875 0.04428044280442804 0.0390625 0.07380073800738007
0 0.17041015625 0.977859778597786 0.0791015625 0.04059040590405904
0 0.2080078125 0.4003690036900369 0.01953125 0.025830258302583026
0 0.9697265625 0.42988929889298894 0.0078125 0.01845018450184502
