0 0.591796875 0.6605166051660517 0.041015625 0.06642066420664207
0 0.90869140625 0.17343173431734318 0.0419921875 0.07380073800738007
0 0.7822265625 0.6955719557195572 0.0390625 0.06273062730627306
0 0.0380859375 0.1466789667896679 0.0390625 0.07195571955719557
0 0.0947265625 0.2564575645756458 0.068359375 0.12177121771217712
0 0.51904296875 0.8044280442804428 0.0556640625 0.0996309963099631
0 0.2626953125 0.9132841328413284 0.03125 0.05166051660516605
0 0.01953125 0.724169741697417 0.03515625 0.06088560885608856
0 0.84326171875 0.2555350553505535 0.0732421875 0.14575645756457564
0 0.8154296875 0.7416974169741697 0.01953125 0.033210332103321034
0 0.86767578125 0.8616236162361623 0.0595703125 0.1033210332103321
0 0.0537109375 0.6854243542435424 0.025390625 0.046125461254612546
0 0.19287109375 0.04151291512915129 0.0556640625 0.08302583025830258
0 0.22265625 0.985239852398524 0.05859375 0.025830258302583026
0 0.638671875 0.8671586715867159 0.03125 0.05166051660516605
0 0.6875 0.8763837638376384 0.025390625 0.06642066420664207
0 0.75 0.7416974169741697 0.03125 0.05904059040590406
0 0.04052734375 0.4446494464944649 0.0810546875 0.15129151291512916
0 0.017578125 0.5322878228782287 0.033203125 0.06457564575645756
0 0.85595703125 0.15313653136531366 0.0458984375 0.0996309963099631
0 0.81298828125 0.17804428044280443 0.0224609375 0.04981549815498155
0 0.615234375 0.06365313653136531 0.048828125 0.1088560885608856
0 0.0107421875 0.13376383763837638 0.013671875 0.04981549815498155
