0 0.251953125 0.4280442804428044 0.0390625 0.06642066420664207
0 0.78125 0.41051660516605165 0.03125 0.05719557195571956
0 0.2646484375 0.5046125461254612 0.017578125 0.027675276752767528
0 0.845703125 0.8588560885608856 0.05078125 0.13468634686346864
0 0.861328125 0.9418819188191881 0.033203125 0.046125461254612546
0 0.365234375 0.8247232472324724 0.08203125 0.15129151291512916
0 0.97998046875 0.41420664206642066 0.0380859375 0.13468634686346864
0 0.3203125 0.8607011070110702 0.033203125 0.06457564575645756
0 0.14306640625 0.1918819188191882 0.0224609375 0.04059040590405904
0 0.9296875 0.023062730627306273 0.015625 0.027675276752767528
0 0.11962890625 0.9797047970479705 0.0107421875 0.02214022140221402
0 0.32958984375 0.9566420664206642 0.1103515625 0.08302583025830258
0 0.82958984375 0.522140221402214 0.0166015625 0.03690036900369004
0 0.79931640625 0.7730627306273062 0.0146484375 0.03690036900369004
0 0.88427734375 0.8523985239852399 0.0283203125 0.05904059040590406
