0 0.74755859375 0.8597785977859779 0.0380859375 0.07011070110701106
0 0.1806640625 0.30350553505535055 0.037109375 0.06457564575645756
0 0.873046875 0.9105166051660517 0.03125 0.05350553505535055
0 0.615234375 0.9649446494464945 0.044921875 0.06642066420664207
0 0.48388671875 0.5359778597785978 0.0458984375 0.08302583025830258
0 0.7705078125 0.08948339483394833 0.04296875 0.07564575645756458
0 0.2109375 0.6697416974169742 0.04296875 0.08118081180811808
0 0.83984375 0.8643911439114391 0.033203125 0.06826568265682657
0 0.5537109375 0.4003690036900369 0.05078125 0.09225092250922509
0 0.60546875 0.477859778597786 0.052734375 0.0959409594095941
0 0.37353515625 0.8929889298892989 0.0224609375 0.03690036900369004
0 0.5615234375 0.5857933579335793 0.029296875 0.04981549815498155
0 0.97216796875 0.9704797047970479 0.0380859375 0.05166051660516605
0 0.72509765625 0.16420664206642066 0.0244140625 0.04059040590405904
0 0.8212890625 0.8413284132841329 0.0234375 0.06642066420664207
0 0.22607421875 0.5175276752767528 0.0146484375 0.046125461254612546
0 0.66650390625 0.13745387453874539 0.0458984375 0.09778597785977859
0 0.38916015625 0.8763837638376384 0.0126953125 0.025830258302583026
0 0.66796875 0.9658671586715867 0.044921875 0.06457564575645756
