0 0.05419921875 0.525830258302583 0.0458984375 0.07749077490774908
0 0.34228515625 0.9621771217712177 0.0224609375 0.03874538745387454
0 0.1435546875 0.3625461254612546 0.048828125 0.07933579335793357
0 0.7578125 0.1752767527675277 0.0390625 0.06642066420664207
0 0.40380859375 0.4806273062730627 0.0380859375 0.06826568265682657
0 0.0361328125 0.6466789667896679 0.0390625 0.07195571955719557
0 0.47314453125 0.8062730627306273 0.0322265625 0.055350553505535055
0 0.47802734375 0.38837638376383765 0.0224609375 0.03874538745387454
0 0.81640625 0.9059040590405905 0.029296875 0.05166051660516605
0 0.60205078125 0.19649446494464945 0.0185546875 0.03505535055350553
0 0.01318359375 0.04059040590405904 0.0205078125 0.04059040590405904
0 0.0146484375 0.03966789667896679 0.025390625 0.05719557195571956
0 0.21728515625 0.41420664206642066 0.0263671875 0.042435424354243544
0 0.1064453125 0.38191881918819187 0.02734375 0.05166051660516605
0 0.58642578125 0.5101476014760148 0.0205078125 0.027675276752767528
0 0.4677734375 0.761070110701107 0.01953125 0.042435424354243544
0 0.7021484375 0.17343173431734318 0.048828125 0.11439114391143912
0 0.19921875 0.40129151291512916 0.015625 0.046125461254612546
0 0.0849609375 0.5378228782287823 0.025390625 0.023985239852398525
