0 0.4462890625 0.07841328413284133 0.041015625 0.06826568265682657
0 0.24462890625 0.6559040590405905 0.0283203125 0.04981549815498155
0 0.3017578125 0.253690036900369 0.01953125 0.03505535055350553
0 0.82421875 0.33579335793357934 0.0390625 0.06642066420664207
0 0.20458984375 0.6485239852398524 0.0380859375 0.06457564575645756
0 0.25439453125 0.03136531365313653 0.0244140625 0.04059040590405904
0 0.5859375 0.17250922509225092 0.033203125 0.046125461254612546
0 0.9150390625 0.03690036900369004 0.060546875 0.07380073800738007
0 0.56884765625 0.24723247232472326 0.0576171875 0.11070110701107011
0 0.07470703125 0.7269372693726938 0.0419921875 0.07749077490774908
0 0.6884765625 0.8994464944649446 0.03125 0.05719557195571956
0 0.9638671875 0.017527675276752766 0.04296875 0.03505535055350553
0 0.68994140625 0.6992619926199262 0.0732421875 0.13653136531365315
0 0.23486328125 0.12084870848708487 0.0107421875 0.02029520295202952
0 0.09912109375 0.19095940959409594 0.0146484375 0.027675276752767528
0 0.57373046875 0.7158671586715867 0.0146484375 0.025830258302583026
