0 0.89306640625 0.33210332103321033 0.0439453125 0.07380073800738007
0 0.72802734375 0.8496309963099631 0.0224609375 0.042435424354243544
0 0.6455078125 0.03966789667896679 0.04296875 0.06826568265682657
0 0.3330078125 0.7702952029520295 0.05078125 0.0940959409594096
0 0.873046875 0.5018450184501845 0.0390625 0.06642066420664207
0 0.9052734375 0.26476014760147604 0.03515625 0.05719557195571956
0 0.2099609375 0.07472324723247233 0.044921875 0.08671586715867159
0 0.4990234375 0.07011070110701106 0.021484375 0.033210332103321034
0 0.19140625 0.5479704797047971 0.03125 0.05166051660516605
0 0.94482421875 0.21217712177121772 0.0302734375 0.05166051660516605
0 0.28076171875 0.3422509225092251 0.0126953125 0.023985239852398525
0 0.10791015625 0.5313653136531366 0.0205078125 0.033210332103321034
0 0.86767578125 0.977859778597786 0.0244140625 0.02952029520295203
0 0.61181640625 0.7878228782287823 0.0634765625 0.12177121771217712
0 0.69091796875 0.5885608856088561 0.0087890625 0.01845018450184502
0 0.10986328125 0.8929889298892989 0.0087890625 0.02952029520295203
0 0.23828125 0.8634686346863468 0.005859375 0.014760147601476014
