0 0.82373046875 0.1070110701107011 0.0419921875 0.07011070110701106
0 0.51416015625 0.1466789667896679 0.0439453125 0.07564575645756458
0 0.4443359375 0.7140221402214022 0.03125 0.055350553505535055
0 0.4228515625 0.16512915129151293 0.048828125 0.09040590405904059
0 0.0888671875 0.5470479704797048 0.041015625 0.06826568265682657
0 0.55859375 0.8671586715867159 0.041015625 0.07380073800738007
0 0.86572265625 0.3800738007380074 0.0400390625 0.07749077490774908
0 0.64013671875 0.9630996309963099 0.0302734375 0.05166051660516605
0 0.3017578125 0.44003690036900367 0.037109375 0.06457564575645756
0 0.47119140625 0.42343173431734316 0.0380859375 0.06457564575645756
0 0.623046875 0.6540590405904059 0.03125 0.05350553505535055
0 0.732421875 0.8939114391143912 0.04296875 0.07933579335793357
0 0.05810546875 0.06457564575645756 0.0517578125 0.0959409594095941
0 0.42431640625 0.2822878228782288 0.0419921875 0.07749077490774908
0 0.7080078125 0.09132841328413284 0.044921875 0.08302583025830258
0 0.07373046875 0.8468634686346863 0.0205078125 0.033210332103321034
0 0.2080078125 0.10516605166051661 0.01953125 0.03690036900369004
0 0.72216796875 0.42988929889298894 0.0478515625 0.08118081180811808
0 0.05078125 0.6346863468634686 0.03125 0.055350553505535055
0 0.7958984375 0.5276752767527675 0.0234375 0.04059040590405904
0 0.0166015625 0.8607011070110702 0.025390625 0.1014760147601476
0 0.71533203125 0.8468634686346863 0.0341796875 0.05904059040590406
0 0.78125 0.522140221402214 0.021484375 0.033210332103321034
0 0.38671875 0.5452029520295203 0.01953125 0.03136531365313653
0 0.35400390625 0.8588560885608856 0.0205078125 0.03505535055350553
0 0.3818359375 0.5479704797047971 0.013671875 0.02214022140221402
0 0.01123046875 0.7998154981549815 0.0166015625 0.042435424354243544
0 0.3662109375 0.48800738007380073 0.01953125 0.06457564575645756
0 0.65966796875 0.5488929889298892 0.0087890625 0.03136531365313653
0 0.52734375 0.716789667896679 0.0078125 0.02029520295202952
0 0.5751953125 0.3182656826568266 0.03515625 0.05350553505535055
0 0.564453125 0.15682656826568267 0.03125 0.08118081180811808
0 0.61474609375 0.16143911439114392 0.0576171875 0.14575645756457564
0 0.564453125 0.22047970479704798 0.021484375 0.042435424354243544
0 0.9345703125 0.32011070110701106 0.01171875 0.03874538745387454
0 0.50244140625 0.4714022140221402 0.0146484375 0.023985239852398525
0 0.7763671875 0.06918819188191883 0.017578125 0.042435424354243544
0 0.97216796875 0.9261992619926199 0.0498046875 0.14391143911439114
0 0.982421875 0.8053505535055351 0.029296875 0.11992619926199262
0 0.41357421875 0.4308118081180812 0.0185546875 0.027675276752767528
0 0.97607421875 0.272140221402214 0.0126953125 0.023985239852398525
0 0.662109375 0.07472324723247233 0.05078125 0.14944649446494465
