0 0.26318359375 0.4114391143911439 0.0185546875 0.033210332103321034
0 0.0927734375 0.4086715867158672 0.04296875 0.07195571955719557
0 0.61572265625 0.7297047970479705 0.0302734375 0.05350553505535055
0 0.09765625 0.33948339483394835 0.044921875 0.07011070110701106
0 0.20458984375 0.4603321033210332 0.0283203125 0.046125461254612546
0 0.55810546875 0.522140221402214 0.0224609375 0.03690036900369004
0 0.0478515625 0.27767527675276754 0.02734375 0.05719557195571956
0 0.0673828125 0.30904059040590404 0.0234375 0.03874538745387454
0 0.41455078125 0.23800738007380073 0.0185546875 0.05166051660516605
0 0.44677734375 0.09317343173431734 0.0146484375 0.023985239852398525
0 0.259765625 0.16236162361623616 0.021484375 0.02214022140221402
0 0.06396484375 0.9215867158671587 0.0224609375 0.042435424354243544
0 0.18798828125 0.10977859778597786 0.0263671875 0.046125461254612546
0 0.0390625 0.33579335793357934 0.03125 0.04428044280442804
0 0.52001953125 0.4317343173431734 0.0205078125 0.02952029520295203
0 0.72314453125 0.1937269372693727 0.0166015625 0.033210332103321034
0 0.38037109375 0.23247232472324722 0.0185546875 0.025830258302583026
