0 0.84423828125 0.5166051660516605 0.0419921875 0.07749077490774908
0 0.5556640625 0.20848708487084872 0.046875 0.08856088560885608
0 0.43701171875 0.9612546125461254 0.0302734375 0.05166051660516605
0 0.21728515625 0.28505535055350556 0.0322265625 0.05719557195571956
0 0.44091796875 0.7555350553505535 0.0361328125 0.06826568265682657
0 0.2490234375 0.827490774907749 0.044921875 0.09778597785977859
0 0.66259765625 0.3856088560885609 0.0556640625 0.1070110701107011
0 0.6826171875 0.9003690036900369 0.0546875 0.0996309963099631
0 0.77099609375 0.7555350553505535 0.0244140625 0.046125461254612546
0 0.87841796875 0.6005535055350554 0.0615234375 0.12361623616236163
0 0.927734375 0.7555350553505535 0.111328125 0.21955719557195572
0 0.26123046875 0.3607011070110701 0.0224609375 0.02029520295202952
