0 0.59765625 0.3948339483394834 0.041015625 0.07011070110701106
0 0.15625 0.16236162361623616 0.048828125 0.08856088560885608
0 0.94873046875 0.22416974169741696 0.0400390625 0.07564575645756458
0 0.6708984375 0.246309963099631 0.041015625 0.08302583025830258
0 0.45556640625 0.45387453874538747 0.0302734375 0.055350553505535055
0 0.03564453125 0.7869003690036901 0.0478515625 0.08302583025830258
0 0.5888671875 0.7850553505535055 0.046875 0.08302583025830258
0 0.25048828125 0.8533210332103321 0.0302734375 0.04981549815498155
0 0.34375 0.6881918819188192 0.03515625 0.05904059040590406
0 0.70849609375 0.7020295202952029 0.0302734375 0.04981549815498155
0 0.6884765625 0.19095940959409594 0.02734375 0.046125461254612546
0 0.9091796875 0.11439114391143912 0.025390625 0.04059040590405904
0 0.76171875 0.9197416974169742 0.05859375 0.11254612546125461
0 0.7587890625 0.7481549815498155 0.091796875 0.16420664206642066
0 0.18701171875 0.9326568265682657 0.0537109375 0.11623616236162361
0 0.59033203125 0.790590405904059 0.0634765625 0.10516605166051661
0 0.50341796875 0.7878228782287823 0.1162109375 0.1918819188191882
0 0.0439453125 0.672509225092251 0.06640625 0.11623616236162361
0 0.31884765625 0.7444649446494465 0.0166015625 0.027675276752767528
0 0.0966796875 0.7038745387453874 0.0078125 0.012915129151291513
0 0.85400390625 0.5046125461254612 0.0458984375 0.11992619926199262
0 0.89599609375 0.5009225092250923 0.0517578125 0.13468634686346864
