0 0.587890625 0.7020295202952029 0.044921875 0.07564575645756458
0 0.95166015625 0.5553505535055351 0.0361328125 0.06642066420664207
0 0.89892578125 0.048892988929889296 0.0439453125 0.07564575645756458
0 0.35888671875 0.39391143911439114 0.0400390625 0.06826568265682657
0 0.82958984375 0.31088560885608857 0.0400390625 0.06826568265682657
0 0.15771484375 0.8837638376383764 0.0439453125 0.07011070110701106
0 0.63427734375 0.6614391143911439 0.0224609375 0.04981549815498155
0 0.34521484375 0.7822878228782287 0.0302734375 0.05166051660516605
0 0.23681640625 0.8736162361623616 0.0224609375 0.042435424354243544
0 0.17041015625 0.9363468634686347 0.0146484375 0.027675276752767528
0 0.025390625 0.4455719557195572 0.044921875 0.11992619926199262
0 0.33740234375 0.1669741697416974 0.0205078125 0.027675276752767528
0 0.4345703125 0.6337638376383764 0.029296875 0.04981549815498155
0 0.36767578125 0.5608856088560885 0.0322265625 0.05166051660516605
0 0.361328125 0.522140221402214 0.01953125 0.025830258302583026
0 0.1787109375 0.4640221402214022 0.009765625 0.02029520295202952
0 0.166015625 0.5950184501845018 0.009765625 0.027675276752767528
0 0.37451171875 0.2767527675276753 0.0107421875 0.033210332103321034
0 0.240234375 0.23154981549815498 0.021484375 0.03136531365313653
0 0.1953125 0.20756457564575645 0.005859375 0.016605166051660517
0 0.16552734375 0.3247232472324723 0.0087890625 0.033210332103321034
0 0.775390625 0.1863468634686347 0.0234375 0.055350553505535055
0 0.7314453125 0.2592250922509225 0.013671875 0.027675276752767528
0 0.4296875 0.27121771217712176 0.06640625 0.11808118081180811
0 0.36572265625 0.3274907749077491 0.0263671875 0.042435424354243544
0 0.41845703125 0.3477859778597786 0.0244140625 0.042435424354243544
0 0.4052734375 0.03690036900369004 0.021484375 0.02952029520295203
0 0.4443359375 0.02859778597785978 0.029296875 0.05719557195571956
0 0.93994140625 0.5064575645756457 0.0224609375 0.03874538745387454
0 0.81884765625 0.21033210332103322 0.0068359375 0.014760147601476014
0 0.97802734375 0.7361623616236163 0.0400390625 0.12546125461254612
0 0.98486328125 0.6088560885608856 0.0244140625 0.11070110701107011
0 0.04052734375 0.05350553505535055 0.0341796875 0.06273062730627306
0 0.0224609375 0.14944649446494465 0.044921875 0.12546125461254612
0 0.01806640625 0.20756457564575645 0.0185546875 0.03505535055350553
0 0.8662109375 0.07011070110701106 0.0234375 0.05166051660516605
