0 0.572265625 0.3800738007380074 0.052734375 0.08487084870848709
0 0.93212890625 0.8284132841328413 0.0361328125 0.05904059040590406
0 0.36572265625 0.6632841328413284 0.0361328125 0.06457564575645756
0 0.9248046875 0.5857933579335793 0.037109375 0.06457564575645756
0 0.79150390625 0.9584870848708487 0.0517578125 0.07933579335793357
0 0.08056640625 0.29704797047970477 0.0419921875 0.07749077490774908
0 0.185546875 0.6097785977859779 0.087890625 0.15682656826568267
0 0.02734375 0.24538745387453875 0.01953125 0.033210332103321034
0 0.990234375 0.9455719557195572 0.017578125 0.07564575645756458
0 0.7919921875 0.1033210332103321 0.037109375 0.06273062730627306
0 0.02880859375 0.30350553505535055 0.0556640625 0.08302583025830258
0 0.091796875 0.9197416974169742 0.05859375 0.13099630996309963
0 0.22021484375 0.47232472324723246 0.0244140625 0.04797047970479705
0 0.25927734375 0.2066420664206642 0.0576171875 0.13284132841328414
0 0.45166015625 0.2481549815498155 0.0341796875 0.05719557195571956
0 0.4697265625 0.3081180811808118 0.046875 0.09225092250922509
0 0.35546875 0.39391143911439114 0.046875 0.13099630996309963
0 0.32861328125 0.9898523985239852 0.0146484375 0.012915129151291513
0 0.55908203125 0.753690036900369 0.0029296875 0.016605166051660517
0 0.78759765625 0.7158671586715867 0.0107421875 0.02214022140221402
0 0.20849609375 0.3413284132841328 0.0126953125 0.02952029520295203
0 0.84326171875 0.9824723247232472 0.0283203125 0.03136531365313653
0 0.1015625 0.27767527675276754 0.017578125 0.02029520295202952
0 0.919921875 0.6291512915129152 0.01953125 0.01845018450184502
