0 0.8466796875 0.9649446494464945 0.04296875 0.06642066420664207
0 0.86279296875 0.768450184501845 0.0283203125 0.04981549815498155
0 0.6103515625 0.966789667896679 0.033203125 0.05166051660516605
0 0.95361328125 0.7546125461254612 0.0849609375 0.15129151291512916
0 0.05322265625 0.4114391143911439 0.0498046875 0.08856088560885608
0 0.09912109375 0.3154981549815498 0.0791015625 0.14022140221402213
0 0.05615234375 0.4833948339483395 0.0283203125 0.05166051660516605
0 0.8681640625 0.28505535055350556 0.052734375 0.0940959409594096
0 0.91162109375 0.5415129151291513 0.0869140625 0.16051660516605165
0 0.51611328125 0.12453874538745388 0.0322265625 0.06088560885608856
0 0.08740234375 0.7435424354243543 0.0126953125 0.02214022140221402
0 0.0908203125 0.9418819188191881 0.068359375 0.1014760147601476
0 0.8447265625 0.959409594095941 0.029296875 0.05904059040590406
0 0.21337890625 0.0470479704797048 0.0595703125 0.0940959409594096
0 0.517578125 0.4160516605166052 0.021484375 0.03136531365313653
0 0.21923828125 0.30719557195571956 0.0126953125 0.023985239852398525
0 0.0234375 0.045202952029520294 0.04296875 0.09040590405904059
