0 0.7431640625 0.5101476014760148 0.048828125 0.08302583025830258
0 0.89599609375 0.20018450184501846 0.0400390625 0.06826568265682657
0 0.51025390625 0.3662361623616236 0.0341796875 0.05719557195571956
0 0.2451171875 0.5498154981549815 0.044921875 0.07749077490774908
0 0.8798828125 0.6881918819188192 0.046875 0.08118081180811808
0 0.06640625 0.25092250922509224 0.037109375 0.06273062730627306
0 0.8974609375 0.9575645756457565 0.0625 0.08118081180811808
0 0.58984375 0.0544280442804428 0.052734375 0.0940959409594096
0 0.95361328125 0.7287822878228782 0.0458984375 0.07749077490774908
0 0.35546875 0.7915129151291513 0.130859375 0.2177121771217712
0 0.96484375 0.6309963099630996 0.056640625 0.1070110701107011
0 0.69677734375 0.6595940959409594 0.0224609375 0.042435424354243544
0 0.5947265625 0.8182656826568265 0.017578125 0.03136531365313653
0 0.54931640625 0.3800738007380074 0.0146484375 0.02952029520295203
0 0.19384765625 0.5193726937269373 0.0205078125 0.03874538745387454
0 0.3818359375 0.6614391143911439 0.01171875 0.027675276752767528
0 0.4365234375 0.6928044280442804 0.005859375 0.023985239852398525
0 0.92626953125 0.6992619926199262 0.0166015625 0.04428044280442804
0 0.12451171875 0.8976014760147601 0.0068359375 0.012915129151291513
0 0.12451171875 0.9769372693726938 0.0087890625 0.012915129151291513
