0 0.2470703125 0.27398523985239853 0.037109375 0.06457564575645756
0 0.45703125 0.7084870848708487 0.0390625 0.06642066420664207
0 0.37060546875 0.8745387453874539 0.0498046875 0.08856088560885608
0 0.06201171875 0.9197416974169742 0.0322265625 0.05719557195571956
0 0.59423828125 0.7822878228782287 0.0341796875 0.05904059040590406
0 0.5166015625 0.9012915129151291 0.044921875 0.08671586715867159
0 0.43212890625 0.3385608856088561 0.0224609375 0.03874538745387454
0 0.01171875 0.16974169741697417 0.0234375 0.06273062730627306
0 0.603515625 0.2518450184501845 0.015625 0.027675276752767528
0 0.7744140625 0.7804428044280443 0.09765625 0.19557195571955718
0 0.6025390625 0.3044280442804428 0.05859375 0.08856088560885608
0 0.18994140625 0.18726937269372693 0.0732421875 0.13468634686346864
0 0.0224609375 0.13099630996309963 0.017578125 0.04797047970479705
0 0.94775390625 0.977859778597786 0.0419921875 0.04059040590405904
0 0.30126953125 0.19280442804428044 0.0146484375 0.02029520295202952
0 0.2744140625 0.6798892988929889 0.005859375 0.027675276752767528
