0 0.55712890625 0.6605166051660517 0.0283203125 0.04797047970479705
0 0.4228515625 0.5525830258302583 0.03125 0.05350553505535055
0 0.15869140625 0.9686346863468634 0.0322265625 0.05166051660516605
0 0.25341796875 0.5987084870848709 0.0166015625 0.027675276752767528
0 0.666015625 0.9695571955719557 0.015625 0.03505535055350553
0 0.38525390625 0.981549815498155 0.0224609375 0.02952029520295203
0 0.39404296875 0.9621771217712177 0.0087890625 0.02029520295202952
0 0.82666015625 0.042435424354243544 0.0146484375 0.033210332103321034
0 0.59619140625 0.6356088560885609 0.0126953125 0.016605166051660517
0 0.58447265625 0.4603321033210332 0.0146484375 0.04981549815498155
