0 0.6513671875 0.45018450184501846 0.04296875 0.07380073800738007
0 0.80712890625 0.5166051660516605 0.0478515625 0.08856088560885608
0 0.71240234375 0.06918819188191883 0.0498046875 0.09040590405904059
0 0.86865234375 0.09317343173431734 0.0517578125 0.0940959409594096
0 0.20263671875 0.38191881918819187 0.0380859375 0.07011070110701106
0 0.458984375 0.49723247232472323 0.044921875 0.08671586715867159
0 0.2236328125 0.06734317343173432 0.05078125 0.09040590405904059
0 0.251953125 0.9308118081180812 0.048828125 0.1014760147601476
0 0.28759765625 0.9317343173431735 0.0185546875 0.033210332103321034
0 0.3974609375 0.2887453874538745 0.025390625 0.046125461254612546
0 0.412109375 0.9326568265682657 0.029296875 0.04981549815498155
0 0.28515625 0.5138376383763837 0.03125 0.05719557195571956
0 0.29345703125 0.5793357933579336 0.0166015625 0.025830258302583026
0 0.2314453125 0.4225092250922509 0.029296875 0.05166051660516605
0 0.27783203125 0.977859778597786 0.0341796875 0.04059040590405904
0 0.13720703125 0.4621771217712177 0.0244140625 0.03505535055350553
0 0.6640625 0.34686346863468637 0.06640625 0.12915129151291513
0 0.25390625 0.6494464944649446 0.013671875 0.025830258302583026
0 0.62939453125 0.07564575645756458 0.0107421875 0.025830258302583026
0 0.66455078125 0.8892988929889298 0.0068359375 0.014760147601476014
0 0.49072265625 0.8385608856088561 0.0107421875 0.03136531365313653
