0 0.2412109375 0.724169741697417 0.041015625 0.06457564575645756
0 0.783203125 0.2029520295202952 0.041015625 0.07011070110701106
0 0.3291015625 0.5968634686346863 0.037109375 0.06088560885608856
0 0.88720703125 0.3238007380073801 0.0458984375 0.07933579335793357
0 0.89013671875 0.8929889298892989 0.0302734375 0.05166051660516605
0 0.81689453125 0.9621771217712177 0.0302734375 0.04981549815498155
0 0.48974609375 0.24077490774907748 0.0322265625 0.05350553505535055
0 0.49755859375 0.9621771217712177 0.0263671875 0.046125461254612546
0 0.02294921875 0.6937269372693727 0.0419921875 0.07011070110701106
0 0.73876953125 0.5968634686346863 0.0576171875 0.11623616236162361
0 0.2744140625 0.16974169741697417 0.021484375 0.03690036900369004
0 0.24267578125 0.6291512915129152 0.0751953125 0.13653136531365315
0 0.0341796875 0.6273062730627307 0.03125 0.055350553505535055
0 0.08349609375 0.9022140221402214 0.0830078125 0.14760147601476015
0 0.46875 0.1503690036900369 0.03125 0.05350553505535055
0 0.2373046875 0.5488929889298892 0.015625 0.02029520295202952
0 0.86083984375 0.7601476014760148 0.0888671875 0.15867158671586715
0 0.6201171875 0.24538745387453875 0.0703125 0.12915129151291513
0 0.25537109375 0.5396678966789668 0.0166015625 0.042435424354243544
0 0.38037109375 0.13653136531365315 0.0146484375 0.033210332103321034
0 0.12158203125 0.1392988929889299 0.0126953125 0.027675276752767528
0 0.92822265625 0.23247232472324722 0.0263671875 0.055350553505535055
0 0.05322265625 0.544280442804428 0.0185546875 0.055350553505535055
