0 0.0732421875 0.7749077490774908 0.041015625 0.07011070110701106
0 0.89599609375 0.7038745387453874 0.0439453125 0.07195571955719557
0 0.59033203125 0.8081180811808119 0.0439453125 0.07749077490774908
0 0.8359375 0.6079335793357934 0.03515625 0.05719557195571956
0 0.7333984375 0.30996309963099633 0.046875 0.08118081180811808
0 0.64990234375 0.03505535055350553 0.0322265625 0.055350553505535055
0 0.134765625 0.12546125461254612 0.01953125 0.033210332103321034
0 0.421875 0.41051660516605165 0.0390625 0.06088560885608856
0 0.80126953125 0.8357933579335793 0.0244140625 0.04428044280442804
0 0.97265625 0.6125461254612546 0.037109375 0.05904059040590406
0 0.29833984375 0.533210332103321 0.0380859375 0.06642066420664207
0 0.400390625 0.5682656826568265 0.029296875 0.05904059040590406
0 0.03759765625 0.7260147601476015 0.0341796875 0.05719557195571956
0 0.82470703125 0.35977859778597787 0.0244140625 0.04059040590405904
0 0.68408203125 0.19649446494464945 0.0634765625 0.12361623616236163
0 0.05908203125 0.9261992619926199 0.0263671875 0.04428044280442804
0 0.087890625 0.6300738007380073 0.072265625 0.12361623616236163
0 0.5615234375 0.5350553505535055 0.0234375 0.04059040590405904
0 0.51318359375 0.235239852398524 0.0634765625 0.11992619926199262
0 0.4423828125 0.016605166051660517 0.03515625 0.033210332103321034
0 0.35205078125 0.48523985239852396 0.0166015625 0.03690036900369004
0 0.3466796875 0.5507380073800738 0.046875 0.11254612546125461
0 0.4013671875 0.5239852398523985 0.02734375 0.05166051660516605
0 0.78662109375 0.41789667896678967 0.0615234375 0.13099630996309963
