0 0.9580078125 0.1881918819188192 0.041015625 0.07011070110701106
0 0.18310546875 0.5636531365313653 0.0341796875 0.05719557195571956
0 0.822265625 0.07011070110701106 0.03515625 0.06642066420664207
0 0.1650390625 0.731549815498155 0.05078125 0.0940959409594096
0 0.56591796875 0.8985239852398524 0.0322265625 0.05904059040590406
0 0.77783203125 0.0544280442804428 0.0361328125 0.06457564575645756
0 0.65478515625 0.246309963099631 0.0419921875 0.07564575645756458
0 0.1572265625 0.22970479704797048 0.029296875 0.04981549815498155
0 0.08544921875 0.45940959409594095 0.0380859375 0.06273062730627306
0 0.2822265625 0.16236162361623616 0.041015625 0.07011070110701106
0 0.28759765625 0.8413284132841329 0.0419921875 0.07749077490774908
0 0.74072265625 0.02859778597785978 0.0478515625 0.04981549815498155
0 0.53564453125 0.023985239852398525 0.0341796875 0.04059040590405904
0 0.24658203125 0.790590405904059 0.0322265625 0.04981549815498155
0 0.30126953125 0.959409594095941 0.0263671875 0.04428044280442804
0 0.458984375 0.19833948339483395 0.017578125 0.027675276752767528
0 0.33984375 0.2518450184501845 0.015625 0.03136531365313653
0 0.2734375 0.7869003690036901 0.017578125 0.06088560885608856
0 0.439453125 0.775830258302583 0.009765625 0.023985239852398525
0 0.52978515625 0.3154981549815498 0.0224609375 0.04059040590405904
0 0.16455078125 0.27398523985239853 0.0107421875 0.02029520295202952
0 0.71435546875 0.6540590405904059 0.0185546875 0.02029520295202952
0 0.841796875 0.6503690036900369 0.02734375 0.05719557195571956
0 0.341796875 0.2730627306273063 0.017578125 0.02214022140221402
0 0.36376953125 0.9511070110701108 0.0224609375 0.05350553505535055
0 0.2685546875 0.690959409594096 0.076171875 0.13099630996309963
