0 0.3212890625 0.3081180811808118 0.037109375 0.06273062730627306
0 0.3193359375 0.22785977859778597 0.05078125 0.08302583025830258
0 0.412109375 0.10055350553505535 0.03125 0.05350553505535055
0 0.5693359375 0.3865313653136531 0.041015625 0.06826568265682657
0 0.2958984375 0.36162361623616235 0.037109375 0.06642066420664207
0 0.19287109375 0.9372693726937269 0.0341796875 0.06273062730627306
0 0.26806640625 0.9188191881918819 0.0458984375 0.09225092250922509
0 0.212890625 0.22601476014760147 0.03515625 0.06088560885608856
0 0.21044921875 0.29704797047970477 0.0380859375 0.08487084870848709
0 0.89892578125 0.26199261992619927 0.0322265625 0.05904059040590406
0 0.2724609375 0.28413284132841327 0.048828125 0.0959409594095941
0 0.8583984375 0.2730627306273063 0.04296875 0.08118081180811808
0 0.81689453125 0.04151291512915129 0.0244140625 0.042435424354243544
0 0.89013671875 0.16143911439114392 0.0185546875 0.03505535055350553
0 0.83154296875 0.14944649446494465 0.0849609375 0.15129151291512916
0 0.79443359375 0.01845018450184502 0.0419921875 0.03690036900369004
0 0.19140625 0.5387453874538746 0.017578125 0.02214022140221402
0 0.56103515625 0.47878228782287824 0.0068359375 0.02029520295202952
0 0.91748046875 0.6605166051660517 0.0087890625 0.03690036900369004
0 0.8779296875 0.22232472324723246 0.021484375 0.042435424354243544
