0 0.8466796875 0.3929889298892989 0.041015625 0.07011070110701106
0 0.6083984375 0.5018450184501845 0.044921875 0.07380073800738007
0 0.3408203125 0.9105166051660517 0.037109375 0.06457564575645756
0 0.564453125 0.4714022140221402 0.03515625 0.06088560885608856
0 0.96728515625 0.9197416974169742 0.0361328125 0.06088560885608856
0 0.9794921875 0.8431734317343174 0.0390625 0.08118081180811808
0 0.36279296875 0.3025830258302583 0.0380859375 0.06273062730627306
0 0.904296875 0.7822878228782287 0.033203125 0.055350553505535055
0 0.2080078125 0.5535055350553506 0.029296875 0.05166051660516605
0 0.93896484375 0.764760147601476 0.0302734375 0.05719557195571956
0 0.26318359375 0.45202952029520294 0.0224609375 0.03690036900369004
0 0.4013671875 0.8846863468634686 0.013671875 0.03505535055350553
0 0.94091796875 0.4714022140221402 0.0166015625 0.042435424354243544
0 0.939453125 0.9031365313653137 0.009765625 0.027675276752767528
