0 0.341796875 0.7979704797047971 0.037109375 0.06457564575645756
0 0.80029296875 0.24907749077490776 0.0322265625 0.05166051660516605
0 0.80810546875 0.07564575645756458 0.0380859375 0.06273062730627306
0 0.3623046875 0.8487084870848709 0.041015625 0.07011070110701106
0 0.76318359375 0.06457564575645756 0.0341796875 0.06273062730627306
0 0.5859375 0.4806273062730627 0.03125 0.04981549815498155
0 0.42138671875 0.061808118081180814 0.0498046875 0.08671586715867159
0 0.93115234375 0.3422509225092251 0.0478515625 0.07933579335793357
0 0.96240234375 0.5092250922509225 0.0341796875 0.05166051660516605
0 0.31494140625 0.7195571955719557 0.0498046875 0.09225092250922509
0 0.20703125 0.9704797047970479 0.029296875 0.04797047970479705
0 0.8701171875 0.9584870848708487 0.01953125 0.03505535055350553
0 0.69921875 0.1688191881918819 0.0234375 0.03874538745387454
0 0.958984375 0.8284132841328413 0.025390625 0.04059040590405904
0 0.24951171875 0.33948339483394835 0.0927734375 0.16236162361623616
0 0.47607421875 0.809040590405904 0.0224609375 0.023985239852398525
0 0.54931640625 0.5811808118081181 0.0107421875 0.02952029520295203
0 0.99169921875 0.11715867158671586 0.0048828125 0.03505535055350553
0 0.9619140625 0.46863468634686345 0.01171875 0.02952029520295203
0 0.26416015625 0.5267527675276753 0.0087890625 0.016605166051660517
0 0.0625 0.9575645756457565 0.00390625 0.014760147601476014
