0 0.388671875 0.7767527675276753 0.037109375 0.07011070110701106
0 0.5810546875 0.36162361623616235 0.041015625 0.07011070110701106
0 0.04931640625 0.1688191881918819 0.0400390625 0.07195571955719557
0 0.82177734375 0.7952029520295203 0.0185546875 0.033210332103321034
0 0.3984375 0.06734317343173432 0.03515625 0.06088560885608856
0 0.26123046875 0.4003690036900369 0.0517578125 0.08856088560885608
0 0.39697265625 0.9280442804428044 0.0244140625 0.04059040590405904
0 0.361328125 0.7324723247232472 0.04296875 0.07380073800738007
0 0.93408203125 0.3007380073800738 0.0400390625 0.06642066420664207
0 0.03564453125 0.683579335793358 0.0244140625 0.046125461254612546
0 0.41748046875 0.8108856088560885 0.0166015625 0.03136531365313653
0 0.8828125 0.4575645756457565 0.048828125 0.0996309963099631
0 0.54638671875 0.9197416974169742 0.0126953125 0.02029520295202952
0 0.0087890625 0.6761992619926199 0.013671875 0.08302583025830258
0 0.66943359375 0.9455719557195572 0.0107421875 0.027675276752767528
