0 0.51611328125 0.5618081180811808 0.0380859375 0.06826568265682657
0 0.40625 0.3671586715867159 0.048828125 0.08856088560885608
0 0.78564453125 0.7675276752767528 0.0380859375 0.06642066420664207
0 0.5703125 0.4077490774907749 0.0390625 0.06273062730627306
0 0.16796875 0.6678966789667896 0.044921875 0.07749077490774908
0 0.28857421875 0.07933579335793357 0.0341796875 0.06273062730627306
0 0.42578125 0.7887453874538746 0.0390625 0.06826568265682657
0 0.92333984375 0.18450184501845018 0.0341796875 0.05904059040590406
0 0.4658203125 0.6060885608856088 0.044921875 0.08302583025830258
0 0.2314453125 0.7739852398523985 0.048828125 0.0940959409594096
0 0.21826171875 0.6079335793357934 0.0517578125 0.0940959409594096
0 0.6865234375 0.8874538745387454 0.0546875 0.0996309963099631
0 0.44384765625 0.4381918819188192 0.0517578125 0.09040590405904059
0 0.4873046875 0.8394833948339483 0.087890625 0.15498154981549817
0 0.4296875 0.6291512915129152 0.03125 0.055350553505535055
0 0.46826171875 0.26199261992619927 0.0537109375 0.0996309963099631
0 0.63818359375 0.5193726937269373 0.0205078125 0.03136531365313653
0 0.09423828125 0.18081180811808117 0.0537109375 0.11070110701107011
0 0.23828125 0.8865313653136532 0.025390625 0.042435424354243544
0 0.15478515625 0.5571955719557196 0.0302734375 0.05166051660516605
0 0.287109375 0.4483394833948339 0.080078125 0.14391143911439114
0 0.96337890625 0.6060885608856088 0.0146484375 0.023985239852398525
0 0.80322265625 0.01845018450184502 0.0517578125 0.03690036900369004
0 0.40869140625 0.4907749077490775 0.0205078125 0.055350553505535055
0 0.21435546875 0.5507380073800738 0.0224609375 0.04981549815498155
0 0.2373046875 0.5581180811808119 0.025390625 0.042435424354243544
0 0.34912109375 0.3459409594095941 0.0224609375 0.03505535055350553
0 0.51171875 0.7509225092250923 0.029296875 0.04428044280442804
0 0.48388671875 0.21033210332103322 0.0302734375 0.05904059040590406
0 0.52099609375 0.9760147601476015 0.0244140625 0.03690036900369004
