0 0.61669921875 0.25830258302583026 0.0380859375 0.06642066420664207
0 0.25244140625 0.20018450184501846 0.0380859375 0.06457564575645756
0 0.09130859375 0.03690036900369004 0.0380859375 0.06642066420664207
0 0.947265625 0.05996309963099631 0.033203125 0.05719557195571956
0 0.95849609375 0.35977859778597787 0.0400390625 0.06642066420664207
0 0.85791015625 0.8007380073800738 0.0341796875 0.06273062730627306
0 0.970703125 0.6457564575645757 0.044921875 0.08118081180811808
0 0.52001953125 0.7693726937269373 0.0126953125 0.02214022140221402
0 0.70263671875 0.8736162361623616 0.0224609375 0.03874538745387454
0 0.54296875 0.052583025830258305 0.0234375 0.03874538745387454
0 0.27587890625 0.0940959409594096 0.0517578125 0.0959409594095941
0 0.17333984375 0.47509225092250923 0.0263671875 0.04981549815498155
0 0.6494140625 0.03228782287822878 0.05859375 0.06457564575645756
0 0.376953125 0.7952029520295203 0.09375 0.16605166051660517
0 0.19677734375 0.724169741697417 0.0107421875 0.027675276752767528
0 0.34765625 0.0959409594095941 0.021484375 0.04059040590405904
