0 0.3388671875 0.3044280442804428 0.041015625 0.07380073800738007
0 0.44921875 0.5507380073800738 0.037109375 0.06457564575645756
0 0.31591796875 0.22970479704797048 0.0478515625 0.09040590405904059
0 0.61474609375 0.5378228782287823 0.0302734375 0.05350553505535055
0 0.39697265625 0.41789667896678967 0.0146484375 0.027675276752767528
0 0.29248046875 0.32011070110701106 0.0458984375 0.07564575645756458
0 0.7109375 0.36808118081180813 0.025390625 0.042435424354243544
0 0.97119140625 0.7859778597785978 0.0556640625 0.12915129151291513
0 0.81640625 0.7481549815498155 0.068359375 0.12361623616236163
0 0.8916015625 0.7149446494464945 0.0546875 0.1088560885608856
0 0.9765625 0.5701107011070111 0.044921875 0.1033210332103321
0 0.80126953125 0.7518450184501845 0.0556640625 0.12730627306273062
0 0.28662109375 0.981549815498155 0.0400390625 0.033210332103321034
0 0.7080078125 0.5793357933579336 0.013671875 0.025830258302583026
0 0.748046875 0.6808118081180812 0.017578125 0.04059040590405904
0 0.1806640625 0.14206642066420663 0.015625 0.04428044280442804
