0 0.2744140625 0.28136531365313655 0.044921875 0.07195571955719557
0 0.19482421875 0.46955719557195574 0.0439453125 0.07564575645756458
0 0.20458984375 0.3625461254612546 0.0361328125 0.06457564575645756
0 0.47705078125 0.9298892988929889 0.0361328125 0.05904059040590406
0 0.33251953125 0.13376383763837638 0.0322265625 0.05719557195571956
0 0.82275390625 0.46494464944649444 0.0322265625 0.05166051660516605
0 0.763671875 0.7988929889298892 0.03125 0.05166051660516605
0 0.6025390625 0.9630996309963099 0.060546875 0.07011070110701106
0 0.21728515625 0.257380073800738 0.0146484375 0.027675276752767528
0 0.29736328125 0.5857933579335793 0.0302734375 0.04981549815498155
0 0.5244140625 0.8367158671586716 0.083984375 0.15313653136531366
0 0.59521484375 0.9603321033210332 0.0361328125 0.07564575645756458
0 0.14794921875 0.05166051660516605 0.0166015625 0.02214022140221402
0 0.228515625 0.21309963099630996 0.021484375 0.027675276752767528
0 0.83447265625 0.43726937269372695 0.0185546875 0.04428044280442804
