0 0.31005859375 0.48247232472324725 0.0341796875 0.05719557195571956
0 0.091796875 0.5452029520295203 0.041015625 0.06457564575645756
0 0.46484375 0.3247232472324723 0.046875 0.08118081180811808
0 0.119140625 0.4381918819188192 0.044921875 0.07933579335793357
0 0.3603515625 0.1918819188191882 0.046875 0.07749077490774908
0 0.78515625 0.17158671586715868 0.05078125 0.09225092250922509
0 0.08251953125 0.466789667896679 0.0478515625 0.06642066420664207
0 0.650390625 0.34686346863468637 0.029296875 0.05166051660516605
0 0.57421875 0.13468634686346864 0.029296875 0.04797047970479705
0 0.4873046875 0.3736162361623616 0.025390625 0.03874538745387454
0 0.5771484375 0.12915129151291513 0.041015625 0.06642066420664207
0 0.2421875 0.26383763837638374 0.0625 0.11070110701107011
0 0.23974609375 0.8496309963099631 0.0849609375 0.15682656826568267
0 0.41162109375 0.3625461254612546 0.0107421875 0.02029520295202952
0 0.2939453125 0.6964944649446494 0.015625 0.02029520295202952
0 0.2939453125 0.9317343173431735 0.01171875 0.01107011070110701
0 0.3671875 0.08210332103321033 0.00390625 0.027675276752767528
0 0.70654296875 0.13099630996309963 0.0224609375 0.05166051660516605
0 0.080078125 0.41697416974169743 0.021484375 0.04428044280442804
0 0.1162109375 0.8856088560885609 0.005859375 0.014760147601476014
0 0.0673828125 0.9750922509225092 0.0078125 0.023985239852398525
