0 0.0673828125 0.5230627306273062 0.041015625 0.06826568265682657
0 0.88134765625 0.44649446494464945 0.0361328125 0.05904059040590406
0 0.5966796875 0.16051660516605165 0.044921875 0.08118081180811808
0 0.33642578125 0.5784132841328413 0.0458984375 0.07933579335793357
0 0.16015625 0.5083025830258303 0.033203125 0.05719557195571956
0 0.19287109375 0.6743542435424354 0.0439453125 0.08302583025830258
0 0.20947265625 0.5562730627306273 0.0322265625 0.042435424354243544
0 0.33544921875 0.283210332103321 0.0302734375 0.042435424354243544
0 0.79345703125 0.7970479704797048 0.0263671875 0.04059040590405904
0 0.5771484375 0.7804428044280443 0.0234375 0.04797047970479705
0 0.59912109375 0.7841328413284133 0.0146484375 0.055350553505535055
0 0.22900390625 0.6273062730627307 0.0517578125 0.1033210332103321
0 0.48095703125 0.10793357933579335 0.0166015625 0.027675276752767528
0 0.025390625 0.32564575645756455 0.03515625 0.05350553505535055
0 0.01708984375 0.25830258302583026 0.0322265625 0.06642066420664207
0 0.7431640625 0.35424354243542433 0.01953125 0.033210332103321034
0 0.708984375 0.5756457564575646 0.091796875 0.17343173431734318
0 0.935546875 0.9575645756457565 0.015625 0.025830258302583026
0 0.921875 0.11439114391143912 0.021484375 0.04797047970479705
0 0.51708984375 0.10239852398523985 0.0224609375 0.046125461254612546
