0 0.16748046875 0.2444649446494465 0.0400390625 0.06457564575645756
0 0.34228515625 0.7472324723247232 0.0458984375 0.07749077490774908
0 0.42724609375 0.9612546125461254 0.0400390625 0.06642066420664207
0 0.2861328125 0.7103321033210332 0.033203125 0.05166051660516605
0 0.7412109375 0.052583025830258305 0.052734375 0.09778597785977859
0 0.05419921875 0.2333948339483395 0.0283203125 0.046125461254612546
0 0.87841796875 0.3994464944649446 0.0537109375 0.09040590405904059
0 0.56591796875 0.764760147601476 0.0244140625 0.042435424354243544
0 0.2294921875 0.033210332103321034 0.01171875 0.025830258302583026
0 0.36865234375 0.257380073800738 0.0126953125 0.016605166051660517
0 0.8984375 0.11162361623616236 0.0078125 0.023985239852398525
0 0.84716796875 0.37084870848708484 0.0166015625 0.04059040590405904
