0 0.2255859375 0.6466789667896679 0.0390625 0.06457564575645756
0 0.3388671875 0.7970479704797048 0.03125 0.05166051660516605
0 0.98095703125 0.3284132841328413 0.0283203125 0.05904059040590406
0 0.36865234375 0.4317343173431734 0.0322265625 0.055350553505535055
0 0.6904296875 0.8680811808118081 0.04296875 0.07195571955719557
0 0.4765625 0.8948339483394834 0.017578125 0.033210332103321034
0 0.77880859375 0.5230627306273062 0.0537109375 0.0940959409594096
0 0.98193359375 0.5009225092250923 0.0263671875 0.04981549815498155
0 0.0380859375 0.4151291512915129 0.03125 0.055350553505535055
0 0.828125 0.5507380073800738 0.03125 0.05719557195571956
0 0.64990234375 0.6937269372693727 0.0166015625 0.02952029520295203
0 0.78662109375 0.06549815498154982 0.0224609375 0.03874538745387454
0 0.8095703125 0.1014760147601476 0.025390625 0.04059040590405904
0 0.79296875 0.03782287822878229 0.025390625 0.046125461254612546
0 0.10986328125 0.09225092250922509 0.0595703125 0.11070110701107011
