0 0.1572265625 0.2859778597785978 0.046875 0.08118081180811808
0 0.7734375 0.3422509225092251 0.044921875 0.07564575645756458
0 0.4033203125 0.4326568265682657 0.03515625 0.06088560885608856
0 0.056640625 0.4160516605166052 0.0390625 0.07195571955719557
0 0.45849609375 0.1014760147601476 0.0810546875 0.15498154981549817
0 0.41650390625 0.9612546125461254 0.0224609375 0.02952029520295203
0 0.97265625 0.6180811808118081 0.025390625 0.04059040590405904
0 0.0654296875 0.46309963099630996 0.07421875 0.13653136531365315
0 0.48486328125 0.02029520295202952 0.0166015625 0.02952029520295203
0 0.06298828125 0.32656826568265684 0.0244140625 0.04059040590405904
0 0.9873046875 0.5313653136531366 0.0234375 0.07749077490774908
0 0.7734375 0.28505535055350556 0.015625 0.042435424354243544
0 0.0537109375 0.37084870848708484 0.015625 0.04059040590405904
0 0.07275390625 0.36900369003690037 0.0224609375 0.01845018450184502
