0 0.45703125 0.12177121771217712 0.0390625 0.06642066420664207
0 0.42626953125 0.470479704797048 0.0341796875 0.05904059040590406
0 0.2412109375 0.7979704797047971 0.037109375 0.06457564575645756
0 0.16259765625 0.6752767527675276 0.0498046875 0.08856088560885608
0 0.478515625 0.23062730627306274 0.03125 0.055350553505535055
0 0.8466796875 0.6300738007380073 0.03515625 0.05719557195571956
0 0.8486328125 0.5618081180811808 0.025390625 0.046125461254612546
0 0.09130859375 0.5498154981549815 0.0263671875 0.04797047970479705
0 0.2490234375 0.5802583025830258 0.080078125 0.14944649446494465
0 0.35986328125 0.9381918819188192 0.0458984375 0.08302583025830258
0 0.61767578125 0.35239852398523985 0.0478515625 0.06273062730627306
0 0.4775390625 0.16974169741697417 0.021484375 0.033210332103321034
0 0.546875 0.6263837638376384 0.056640625 0.0940959409594096
0 0.74072265625 0.6042435424354243 0.0693359375 0.11623616236162361
0 0.52099609375 0.2011070110701107 0.0302734375 0.05166051660516605
0 0.201171875 0.7075645756457565 0.03125 0.03874538745387454
0 0.8671875 0.9806273062730627 0.0390625 0.03505535055350553
0 0.88671875 0.06549815498154982 0.009765625 0.02029520295202952
0 0.986328125 0.26383763837638374 0.025390625 0.11070110701107011
0 0.7294921875 0.7629151291512916 0.017578125 0.027675276752767528
