0 0.15869140625 0.6789667896678967 0.0400390625 0.07011070110701106
0 0.732421875 0.0470479704797048 0.04296875 0.07195571955719557
0 0.626953125 0.13560885608856088 0.046875 0.07933579335793357
0 0.7578125 0.42343173431734316 0.048828125 0.08671586715867159
0 0.798828125 0.09132841328413284 0.048828125 0.08671586715867159
0 0.38818359375 0.08302583025830258 0.0224609375 0.04428044280442804
0 0.29443359375 0.6642066420664207 0.0439453125 0.08856088560885608
0 0.0224609375 0.9511070110701108 0.037109375 0.08302583025830258
0 0.044921875 0.6586715867158671 0.04296875 0.06642066420664207
0 0.38623046875 0.5691881918819188 0.0205078125 0.046125461254612546
0 0.49853515625 0.33579335793357934 0.0244140625 0.055350553505535055
0 0.421875 0.7776752767527675 0.0546875 0.1088560885608856
0 0.36572265625 0.7702952029520295 0.0224609375 0.05350553505535055
0 0.3203125 0.4907749077490775 0.0625 0.0959409594095941
0 0.25634765625 0.39022140221402213 0.0224609375 0.03505535055350553
0 0.01708984375 0.5811808118081181 0.0283203125 0.06642066420664207
0 0.2568359375 0.8773062730627307 0.01953125 0.042435424354243544
0 0.27734375 0.8754612546125461 0.017578125 0.04981549815498155
0 0.31201171875 0.772140221402214 0.0205078125 0.05350553505535055
0 0.353515625 0.6863468634686347 0.044921875 0.08487084870848709
0 0.4599609375 0.41974169741697415 0.0703125 0.13468634686346864
0 0.53125 0.3773062730627306 0.03125 0.07564575645756458
0 0.57080078125 0.3284132841328413 0.0283203125 0.025830258302583026
0 0.74609375 0.22416974169741696 0.017578125 0.023985239852398525
0 0.55859375 0.9261992619926199 0.0625 0.11070110701107011
0 0.70458984375 0.5322878228782287 0.0830078125 0.16789667896678967
0 0.70068359375 0.4151291512915129 0.0263671875 0.04059040590405904
0 0.21240234375 0.1070110701107011 0.0146484375 0.03690036900369004
0 0.841796875 0.8736162361623616 0.0859375 0.17896678966789667
0 0.95458984375 0.6319188191881919 0.0654296875 0.13099630996309963
0 0.89990234375 0.4418819188191882 0.0693359375 0.13837638376383765
0 0.884765625 0.3182656826568266 0.048828125 0.06457564575645756
0 0.9365234375 0.2481549815498155 0.0625 0.12361623616236163
0 0.6728515625 0.03782287822878229 0.052734375 0.06457564575645756
