0 0.8408203125 0.06457564575645756 0.05078125 0.08856088560885608
0 0.74560546875 0.41789667896678967 0.0361328125 0.06457564575645756
0 0.87060546875 0.22140221402214022 0.0380859375 0.06642066420664207
0 0.86181640625 0.4022140221402214 0.0439453125 0.07380073800738007
0 0.6376953125 0.49538745387453875 0.033203125 0.05719557195571956
0 0.43505859375 0.16328413284132842 0.0419921875 0.07195571955719557
0 0.33447265625 0.7795202952029521 0.0322265625 0.05719557195571956
0 0.47900390625 0.18911439114391143 0.0419921875 0.07933579335793357
0 0.67578125 0.03228782287822878 0.041015625 0.06088560885608856
0 0.59326171875 0.2656826568265683 0.0302734375 0.05166051660516605
0 0.8046875 0.8717712177121771 0.0234375 0.042435424354243544
0 0.572265625 0.5046125461254612 0.025390625 0.046125461254612546
0 0.39208984375 0.551660516605166 0.0166015625 0.025830258302583026
0 0.43603515625 0.9234317343173432 0.0126953125 0.02029520295202952
0 0.66796875 0.9243542435424354 0.08203125 0.14760147601476015
0 0.828125 0.533210332103321 0.09765625 0.18450184501845018
