0 0.97216796875 0.705719557195572 0.0380859375 0.06826568265682657
0 0.3310546875 0.37546125461254615 0.041015625 0.07195571955719557
0 0.52392578125 0.05166051660516605 0.0380859375 0.06642066420664207
0 0.22900390625 0.35424354243542433 0.0205078125 0.03690036900369004
0 0.02490234375 0.9271217712177122 0.0400390625 0.12730627306273062
0 0.25439453125 0.9086715867158671 0.0498046875 0.10516605166051661
0 0.0087890625 0.7149446494464945 0.013671875 0.06088560885608856
0 0.61083984375 0.058118081180811805 0.0244140625 0.042435424354243544
0 0.35205078125 0.7158671586715867 0.0322265625 0.06642066420664207
0 0.10302734375 0.261070110701107 0.0126953125 0.02029520295202952
0 0.7744140625 0.4566420664206642 0.07421875 0.16051660516605165
0 0.76220703125 0.9566420664206642 0.0751953125 0.08302583025830258
0 0.3037109375 0.2666051660516605 0.06640625 0.13099630996309963
0 0.294921875 0.35239852398523985 0.021484375 0.02214022140221402
0 0.92041015625 0.7601476014760148 0.0517578125 0.1070110701107011
