0 0.36865234375 0.16236162361623616 0.0361328125 0.06642066420664207
0 0.3916015625 0.43911439114391143 0.041015625 0.07011070110701106
0 0.26953125 0.7693726937269373 0.03515625 0.05904059040590406
0 0.87255859375 0.6577490774907749 0.0439453125 0.07564575645756458
0 0.76806640625 0.48985239852398527 0.0419921875 0.07195571955719557
0 0.6328125 0.6383763837638377 0.03515625 0.05904059040590406
0 0.16650390625 0.29612546125461253 0.0302734375 0.05350553505535055
0 0.8662109375 0.07656826568265683 0.02734375 0.046125461254612546
0 0.90234375 0.9022140221402214 0.044921875 0.08856088560885608
0 0.88427734375 0.4566420664206642 0.0361328125 0.06088560885608856
0 0.18798828125 0.45295202952029523 0.0322265625 0.05719557195571956
0 0.55078125 0.8468634686346863 0.044921875 0.07749077490774908
0 0.76123046875 0.559040590405904 0.0322265625 0.04428044280442804
0 0.92236328125 0.6928044280442804 0.0322265625 0.05719557195571956
0 0.29833984375 0.4289667896678967 0.0322265625 0.05350553505535055
0 0.4013671875 0.18357933579335795 0.02734375 0.046125461254612546
0 0.775390625 0.03136531365313653 0.01953125 0.033210332103321034
0 0.228515625 0.9547970479704797 0.029296875 0.04981549815498155
0 0.12255859375 0.2702952029520295 0.0361328125 0.06826568265682657
0 0.8984375 0.9760147601476015 0.03125 0.04428044280442804
0 0.275390625 0.7121771217712177 0.025390625 0.04428044280442804
0 0.98095703125 0.4132841328413284 0.0361328125 0.11808118081180811
0 0.517578125 0.7112546125461254 0.013671875 0.042435424354243544
0 0.5400390625 0.4345018450184502 0.01171875 0.023985239852398525
0 0.13720703125 0.544280442804428 0.0185546875 0.02952029520295203
0 0.50439453125 0.974169741697417 0.0126953125 0.02214022140221402
0 0.90087890625 0.7776752767527675 0.0126953125 0.023985239852398525
