0 0.04052734375 0.8607011070110702 0.0419921875 0.07564575645756458
0 0.22802734375 0.6356088560885609 0.0439453125 0.07564575645756458
0 0.63134765625 0.24261992619926198 0.0478515625 0.08671586715867159
0 0.552734375 0.18081180811808117 0.033203125 0.05904059040590406
0 0.82666015625 0.7813653136531366 0.0302734375 0.05350553505535055
0 0.84619140625 0.03505535055350553 0.0361328125 0.05904059040590406
0 0.2578125 0.02029520295202952 0.01953125 0.033210332103321034
0 0.18896484375 0.6845018450184502 0.0322265625 0.06273062730627306
0 0.22607421875 0.577490774907749 0.0224609375 0.033210332103321034
0 0.8955078125 0.0940959409594096 0.068359375 0.12177121771217712
0 0.2109375 0.39022140221402213 0.08203125 0.14944649446494465
0 0.02490234375 0.7878228782287823 0.0283203125 0.04797047970479705
0 0.0732421875 0.8293357933579336 0.02734375 0.04981549815498155
0 0.52978515625 0.5599630996309963 0.0166015625 0.042435424354243544
0 0.69482421875 0.8856088560885609 0.0185546875 0.02214022140221402
