0 0.72021484375 0.39391143911439114 0.0458984375 0.07933579335793357
0 0.47216796875 0.9354243542435424 0.0419921875 0.07380073800738007
0 0.18701171875 0.5239852398523985 0.0341796875 0.05904059040590406
0 0.95947265625 0.06273062730627306 0.0380859375 0.05904059040590406
0 0.46484375 0.6273062730627307 0.03515625 0.06642066420664207
0 0.21142578125 0.6429889298892989 0.0283203125 0.04981549815498155
0 0.7578125 0.09040590405904059 0.015625 0.025830258302583026
0 0.49755859375 0.6217712177121771 0.0341796875 0.06642066420664207
0 0.8720703125 0.9640221402214022 0.02734375 0.046125461254612546
0 0.28369140625 0.01845018450184502 0.0458984375 0.03690036900369004
0 0.10546875 0.05904059040590406 0.068359375 0.11808118081180811
0 0.90869140625 0.37822878228782286 0.0615234375 0.12915129151291513
0 0.62841796875 0.9732472324723247 0.0615234375 0.04981549815498155
0 0.1357421875 0.12453874538745388 0.02734375 0.042435424354243544
