0 0.77880859375 0.8957564575645757 0.0361328125 0.06088560885608856
0 0.1904296875 0.5968634686346863 0.03125 0.04981549815498155
0 0.7294921875 0.21955719557195572 0.04296875 0.07380073800738007
0 0.515625 0.6826568265682657 0.04296875 0.07380073800738007
0 0.90869140625 0.3662361623616236 0.0400390625 0.06826568265682657
0 0.65576171875 0.6374538745387454 0.0341796875 0.06088560885608856
0 0.4501953125 0.7250922509225092 0.048828125 0.08856088560885608
0 0.1962890625 0.5193726937269373 0.0546875 0.09778597785977859
0 0.97314453125 0.8044280442804428 0.0205078125 0.03690036900369004
0 0.45556640625 0.1937269372693727 0.0576171875 0.1033210332103321
0 0.7041015625 0.8210332103321033 0.013671875 0.025830258302583026
0 0.5224609375 0.9677121771217713 0.033203125 0.06088560885608856
0 0.61376953125 0.9750922509225092 0.0224609375 0.02029520295202952
0 0.6044921875 0.04151291512915129 0.01953125 0.042435424354243544
0 0.7470703125 0.8321033210332104 0.0078125 0.033210332103321034
