0 0.10791015625 0.49538745387453875 0.0458984375 0.07564575645756458
0 0.47314453125 0.47232472324723246 0.0439453125 0.07749077490774908
0 0.9619140625 0.3044280442804428 0.04296875 0.07380073800738007
0 0.19189453125 0.6402214022140221 0.0439453125 0.07749077490774908
0 0.17138671875 0.5156826568265682 0.0361328125 0.06826568265682657
0 0.77099609375 0.4077490774907749 0.0498046875 0.09225092250922509
0 0.2705078125 0.7656826568265682 0.041015625 0.07749077490774908
0 0.69287109375 0.9418819188191881 0.0322265625 0.05719557195571956
0 0.59130859375 0.6116236162361623 0.0322265625 0.05719557195571956
0 0.19287109375 0.28413284132841327 0.0380859375 0.06642066420664207
0 0.7646484375 0.6374538745387454 0.02734375 0.046125461254612546
0 0.076171875 0.5359778597785978 0.03125 0.05719557195571956
0 0.56103515625 0.22509225092250923 0.0205078125 0.03690036900369004
0 0.81884765625 0.6531365313653137 0.0322265625 0.055350553505535055
0 0.341796875 0.11531365313653137 0.037109375 0.05350553505535055
0 0.708984375 0.31642066420664205 0.025390625 0.046125461254612546
0 0.4892578125 0.533210332103321 0.029296875 0.05166051660516605
0 0.27490234375 0.26476014760147604 0.0849609375 0.16051660516605165
0 0.7509765625 0.46309963099630996 0.021484375 0.033210332103321034
0 0.1201171875 0.1070110701107011 0.013671875 0.02214022140221402
0 0.478515625 0.6042435424354243 0.017578125 0.027675276752767528
0 0.88916015625 0.06918819188191883 0.0087890625 0.02029520295202952
0 0.8896484375 0.9363468634686347 0.01171875 0.02029520295202952
