0 0.306640625 0.3247232472324723 0.044921875 0.07749077490774908
0 0.4365234375 0.742619926199262 0.03515625 0.05719557195571956
0 0.638671875 0.496309963099631 0.046875 0.08118081180811808
0 0.38134765625 0.8284132841328413 0.0380859375 0.06273062730627306
0 0.705078125 0.7915129151291513 0.03515625 0.05166051660516605
0 0.7099609375 0.7121771217712177 0.044921875 0.08487084870848709
0 0.79248046875 0.9381918819188192 0.0361328125 0.06826568265682657
0 0.736328125 0.9123616236162362 0.03125 0.05350553505535055
0 0.4326171875 0.6337638376383764 0.087890625 0.15682656826568267
0 0.4111328125 0.04797047970479705 0.056640625 0.0959409594095941
0 0.85107421875 0.0507380073800738 0.0576171875 0.1014760147601476
0 0.099609375 0.26476014760147604 0.0703125 0.12730627306273062
0 0.47265625 0.5433579335793358 0.0234375 0.03505535055350553
0 0.0390625 0.716789667896679 0.0546875 0.09778597785977859
0 0.05029296875 0.8201107011070111 0.0126953125 0.02029520295202952
0 0.0458984375 0.7961254612546126 0.017578125 0.02029520295202952
0 0.76708984375 0.8616236162361623 0.0634765625 0.1033210332103321
0 0.7109375 0.8523985239852399 0.02734375 0.05166051660516605
