0 0.6005859375 0.6771217712177122 0.04296875 0.07011070110701106
0 0.7041015625 0.07287822878228782 0.046875 0.08302583025830258
0 0.26123046875 0.496309963099631 0.0517578125 0.09225092250922509
0 0.06591796875 0.7435424354243543 0.0341796875 0.05904059040590406
0 0.1494140625 0.6346863468634686 0.021484375 0.04059040590405904
0 0.599609375 0.4935424354243542 0.048828125 0.09040590405904059
0 0.92578125 0.959409594095941 0.05078125 0.07749077490774908
0 0.53369140625 0.21125461254612546 0.0302734375 0.05350553505535055
0 0.150390625 0.1540590405904059 0.025390625 0.046125461254612546
0 0.54833984375 0.5544280442804428 0.0458984375 0.07933579335793357
0 0.0380859375 0.1033210332103321 0.015625 0.025830258302583026
0 0.6640625 0.5784132841328413 0.017578125 0.03136531365313653
0 0.90380859375 0.03505535055350553 0.0380859375 0.06642066420664207
0 0.654296875 0.3238007380073801 0.033203125 0.05719557195571956
0 0.5849609375 0.6014760147601476 0.02734375 0.05166051660516605
0 0.39892578125 0.6678966789667896 0.0693359375 0.11808118081180811
0 0.95068359375 0.5627306273062731 0.0205078125 0.03690036900369004
0 0.59326171875 0.757380073800738 0.0185546875 0.046125461254612546
0 0.599609375 0.4326568265682657 0.021484375 0.023985239852398525
0 0.42626953125 0.4640221402214022 0.0205078125 0.042435424354243544
0 0.97509765625 0.32564575645756455 0.0126953125 0.02029520295202952
0 0.58203125 0.5507380073800738 0.03125 0.042435424354243544
0 0.43310546875 0.9769372693726938 0.0458984375 0.042435424354243544
