0 0.84765625 0.4289667896678967 0.046875 0.08302583025830258
0 0.9228515625 0.474169741697417 0.0390625 0.07011070110701106
0 0.1279296875 0.24538745387453875 0.04296875 0.07380073800738007
0 0.82763671875 0.48616236162361626 0.0341796875 0.05719557195571956
0 0.943359375 0.5922509225092251 0.0390625 0.07380073800738007
0 0.7060546875 0.8293357933579336 0.03515625 0.05719557195571956
0 0.94140625 0.22693726937269373 0.0390625 0.07011070110701106
0 0.341796875 0.922509225092251 0.03515625 0.05904059040590406
0 0.0537109375 0.3634686346863469 0.052734375 0.08856088560885608
0 0.48193359375 0.21955719557195572 0.0283203125 0.05166051660516605
0 0.7431640625 0.14391143911439114 0.025390625 0.04428044280442804
0 0.6943359375 0.25276752767527677 0.03125 0.055350553505535055
0 0.97802734375 0.17804428044280443 0.0419921875 0.13837638376383765
0 0.67333984375 0.9630996309963099 0.0205078125 0.04428044280442804
0 0.72314453125 0.8846863468634686 0.0224609375 0.042435424354243544
0 0.27490234375 0.5212177121771218 0.0166015625 0.03874538745387454
0 0.8583984375 0.045202952029520294 0.025390625 0.03874538745387454
0 0.5244140625 0.9298892988929889 0.017578125 0.025830258302583026
