0 0.47314453125 0.40129151291512916 0.0322265625 0.05719557195571956
0 0.7666015625 0.33948339483394835 0.048828125 0.08856088560885608
0 0.85791015625 0.5535055350553506 0.0400390625 0.06642066420664207
0 0.21435546875 0.21125461254612546 0.0341796875 0.06457564575645756
0 0.20751953125 0.8745387453874539 0.0185546875 0.033210332103321034
0 0.79638671875 0.6226937269372693 0.0166015625 0.03136531365313653
0 0.251953125 0.2177121771217712 0.03125 0.06273062730627306
0 0.69091796875 0.34317343173431736 0.0341796875 0.05904059040590406
0 0.95751953125 0.6605166051660517 0.0439453125 0.07380073800738007
0 0.84228515625 0.1070110701107011 0.0849609375 0.15867158671586715
0 0.82177734375 0.8754612546125461 0.0830078125 0.14944649446494465
0 0.13037109375 0.8579335793357934 0.0595703125 0.1070110701107011
0 0.8505859375 0.9750922509225092 0.01953125 0.03874538745387454
