0 0.86474609375 0.6955719557195572 0.0400390625 0.06642066420664207
0 0.173828125 0.3404059040590406 0.068359375 0.12361623616236163
0 0.88037109375 0.3828413284132841 0.0419921875 0.06826568265682657
0 0.7119140625 0.1974169741697417 0.04296875 0.07380073800738007
0 0.30712890625 0.41974169741697415 0.0517578125 0.09778597785977859
0 0.26708984375 0.8173431734317343 0.0556640625 0.1033210332103321
0 0.09375 0.09040590405904059 0.03125 0.05166051660516605
0 0.3037109375 0.6282287822878229 0.0234375 0.03874538745387454
0 0.962890625 0.9732472324723247 0.044921875 0.04981549815498155
0 0.20751953125 0.2518450184501845 0.0185546875 0.03136531365313653
0 0.9228515625 0.8376383763837638 0.029296875 0.05166051660516605
0 0.171875 0.21309963099630996 0.044921875 0.08302583025830258
0 0.5263671875 0.8570110701107011 0.025390625 0.042435424354243544
0 0.24560546875 0.7158671586715867 0.0556640625 0.12177121771217712
0 0.724609375 0.253690036900369 0.033203125 0.06088560885608856
0 0.408203125 0.015682656826568265 0.03125 0.027675276752767528
0 0.9091796875 0.8883763837638377 0.041015625 0.06826568265682657
0 0.58740234375 0.23616236162361623 0.0673828125 0.12915129151291513
0 0.9306640625 0.9160516605166051 0.052734375 0.08671586715867159
0 0.11767578125 0.6319188191881919 0.0458984375 0.06457564575645756
0 0.8095703125 0.3625461254612546 0.01171875 0.023985239852398525
