0 0.3994140625 0.43726937269372695 0.03515625 0.05904059040590406
0 0.78662109375 0.47601476014760147 0.0341796875 0.055350553505535055
0 0.244140625 0.4418819188191882 0.033203125 0.05350553505535055
0 0.2666015625 0.5119926199261993 0.04296875 0.07933579335793357
0 0.111328125 0.3348708487084871 0.0234375 0.042435424354243544
0 0.42919921875 0.47509225092250923 0.0224609375 0.03874538745387454
0 0.80322265625 0.43911439114391143 0.0244140625 0.04797047970479705
0 0.79736328125 0.44095940959409596 0.0341796875 0.05166051660516605
0 0.7724609375 0.4059040590405904 0.02734375 0.04797047970479705
0 0.4150390625 0.3763837638376384 0.013671875 0.02952029520295203
0 0.92431640625 0.801660516605166 0.0146484375 0.027675276752767528
0 0.54248046875 0.6236162361623616 0.0224609375 0.055350553505535055
0 0.53076171875 0.6568265682656826 0.0087890625 0.033210332103321034
0 0.681640625 0.6282287822878229 0.01953125 0.027675276752767528
0 0.67333984375 0.06457564575645756 0.0068359375 0.03690036900369004
0 0.09423828125 0.3874538745387454 0.0107421875 0.02952029520295203
0 0.01708984375 0.41051660516605165 0.0341796875 0.13099630996309963
