0 0.56494140625 0.8487084870848709 0.0439453125 0.07749077490774908
0 0.17138671875 0.6697416974169742 0.0498046875 0.09225092250922509
0 0.11279296875 0.5433579335793358 0.0517578125 0.09040590405904059
0 0.2099609375 0.33210332103321033 0.052734375 0.1070110701107011
0 0.12890625 0.35424354243542433 0.025390625 0.04797047970479705
0 0.34619140625 0.8920664206642066 0.0185546875 0.03136531365313653
0 0.44091796875 0.1881918819188192 0.0458984375 0.1033210332103321
0 0.16162109375 0.35977859778597787 0.0419921875 0.07380073800738007
0 0.16162109375 0.12177121771217712 0.0693359375 0.12546125461254612
0 0.28466796875 0.3736162361623616 0.0712890625 0.12730627306273062
0 0.14306640625 0.39760147601476015 0.0283203125 0.042435424354243544
0 0.97216796875 0.5341328413284133 0.0107421875 0.027675276752767528
0 0.8115234375 0.13284132841328414 0.01171875 0.014760147601476014
0 0.455078125 0.8994464944649446 0.015625 0.03136531365313653
0 0.3125 0.4677121771217712 0.013671875 0.02029520295202952
0 0.27685546875 0.3044280442804428 0.0341796875 0.055350553505535055
0 0.3779296875 0.45571955719557194 0.009765625 0.025830258302583026
0 0.97802734375 0.03044280442804428 0.0126953125 0.023985239852398525
0 0.9130859375 0.24354243542435425 0.009765625 0.01845018450184502
0 0.7900390625 0.49538745387453875 0.005859375 0.00922509225092251
0 0.73388671875 0.8404059040590406 0.0107421875 0.012915129151291513
