0 0.787109375 0.43357933579335795 0.041015625 0.07380073800738007
0 0.77294921875 0.4944649446494465 0.0439453125 0.07380073800738007
0 0.70654296875 0.8819188191881919 0.0361328125 0.06642066420664207
0 0.52001953125 0.9575645756457565 0.0439453125 0.07749077490774908
0 0.08984375 0.5701107011070111 0.0390625 0.05904059040590406
0 0.0712890625 0.577490774907749 0.02734375 0.04797047970479705
0 0.24560546875 0.22601476014760147 0.0205078125 0.03136531365313653
0 0.0078125 0.4317343173431734 0.013671875 0.033210332103321034
0 0.7919921875 0.3284132841328413 0.06640625 0.11808118081180811
0 0.517578125 0.9538745387453874 0.02734375 0.08856088560885608
0 0.92138671875 0.06642066420664207 0.0244140625 0.03690036900369004
0 0.6474609375 0.8865313653136532 0.03515625 0.07564575645756458
0 0.32373046875 0.4160516605166052 0.0107421875 0.03505535055350553
0 0.62841796875 0.03782287822878229 0.0595703125 0.07564575645756458
0 0.22216796875 0.13560885608856088 0.0537109375 0.12730627306273062
0 0.169921875 0.4381918819188192 0.015625 0.02029520295202952
0 0.6103515625 0.2896678966789668 0.00390625 0.014760147601476014
