0 0.20703125 0.33210332103321033 0.04296875 0.07011070110701106
0 0.4072265625 0.4040590405904059 0.044921875 0.07749077490774908
0 0.50146484375 0.5064575645756457 0.0458984375 0.07933579335793357
0 0.03662109375 0.8265682656826568 0.0322265625 0.06273062730627306
0 0.17333984375 0.8763837638376384 0.0400390625 0.06642066420664207
0 0.55615234375 0.3191881918819188 0.0478515625 0.08487084870848709
0 0.978515625 0.9714022140221402 0.03515625 0.05350553505535055
0 0.173828125 0.8440959409594095 0.037109375 0.04981549815498155
0 0.7939453125 0.4040590405904059 0.072265625 0.12915129151291513
0 0.32373046875 0.8708487084870848 0.0751953125 0.13284132841328414
0 0.0966796875 0.12453874538745388 0.056640625 0.10516605166051661
0 0.7412109375 0.5166051660516605 0.009765625 0.01845018450184502
0 0.6376953125 0.2915129151291513 0.017578125 0.025830258302583026
0 0.02587890625 0.2915129151291513 0.0478515625 0.12177121771217712
0 0.67529296875 0.9640221402214022 0.0087890625 0.02029520295202952
