0 0.771484375 0.48154981549815495 0.037109375 0.06642066420664207
0 0.30908203125 0.24723247232472326 0.0400390625 0.07011070110701106
0 0.28369140625 0.28505535055350556 0.0322265625 0.05719557195571956
0 0.8173828125 0.3625461254612546 0.05078125 0.09040590405904059
0 0.60595703125 0.9455719557195572 0.0302734375 0.06826568265682657
0 0.64501953125 0.6328413284132841 0.0419921875 0.07749077490774908
0 0.5078125 0.753690036900369 0.0546875 0.1014760147601476
0 0.0361328125 0.8671586715867159 0.037109375 0.06273062730627306
0 0.7509765625 0.9123616236162362 0.02734375 0.042435424354243544
0 0.66162109375 0.7158671586715867 0.0263671875 0.04428044280442804
0 0.0986328125 0.25830258302583026 0.017578125 0.02952029520295203
0 0.60595703125 0.6457564575645757 0.0302734375 0.055350553505535055
0 0.81689453125 0.3053505535055351 0.0185546875 0.027675276752767528
0 0.43017578125 0.5461254612546126 0.0712890625 0.12546125461254612
0 0.8193359375 0.3053505535055351 0.0234375 0.042435424354243544
0 0.73828125 0.6706642066420664 0.078125 0.13468634686346864
0 0.59423828125 0.8238007380073801 0.0400390625 0.07195571955719557
0 0.5537109375 0.9012915129151291 0.029296875 0.05350553505535055
0 0.05419921875 0.06734317343173432 0.0576171875 0.11254612546125461
0 0.5595703125 0.8459409594095941 0.02734375 0.04981549815498155
0 0.36767578125 0.5857933579335793 0.0615234375 0.11254612546125461
0 0.2197265625 0.8081180811808119 0.009765625 0.01845018450184502
0 0.45849609375 0.6273062730627307 0.0244140625 0.05166051660516605
0 0.4541015625 0.9040590405904059 0.015625 0.033210332103321034
