0 0.0966796875 0.8976014760147601 0.04296875 0.07564575645756458
0 0.60888671875 0.33025830258302585 0.0400390625 0.07011070110701106
0 0.87841796875 0.3025830258302583 0.0576171875 0.0996309963099631
0 0.32861328125 0.698339483394834 0.0283203125 0.04981549815498155
0 0.08935546875 0.1014760147601476 0.0400390625 0.07380073800738007
0 0.97412109375 0.04797047970479705 0.0498046875 0.09225092250922509
0 0.94482421875 0.3339483394833948 0.0478515625 0.08856088560885608
0 0.310546875 0.0507380073800738 0.03125 0.05350553505535055
0 0.13671875 0.20756457564575645 0.083984375 0.14944649446494465
0 0.84912109375 0.44280442804428044 0.0517578125 0.09225092250922509
0 0.685546875 0.8994464944649446 0.064453125 0.11623616236162361
0 0.79931640625 0.2177121771217712 0.0185546875 0.025830258302583026
0 0.88330078125 0.1669741697416974 0.0224609375 0.023985239852398525
0 0.4365234375 0.5839483394833949 0.009765625 0.027675276752767528
0 0.22998046875 0.0940959409594096 0.0107421875 0.01845018450184502
0 0.05615234375 0.17712177121771217 0.0048828125 0.01107011070110701
0 0.1318359375 0.35424354243542433 0.005859375 0.014760147601476014
0 0.70849609375 0.2859778597785978 0.0126953125 0.02952029520295203
0 0.9736328125 0.22509225092250923 0.037109375 0.15867158671586715
