0 0.68798828125 0.6143911439114391 0.0458984375 0.08118081180811808
0 0.8271484375 0.5415129151291513 0.037109375 0.06457564575645756
0 0.64208984375 0.8440959409594095 0.0400390625 0.07564575645756458
0 0.65380859375 0.36531365313653136 0.0400390625 0.07011070110701106
0 0.2890625 0.6808118081180812 0.044921875 0.07749077490774908
0 0.08056640625 0.5046125461254612 0.0458984375 0.07933579335793357
0 0.03857421875 0.7896678966789668 0.0380859375 0.06273062730627306
0 0.82080078125 0.6033210332103321 0.0322265625 0.05166051660516605
0 0.8701171875 0.30719557195571956 0.015625 0.027675276752767528
0 0.07421875 0.3191881918819188 0.046875 0.1033210332103321
0 0.7509765625 0.3874538745387454 0.029296875 0.04797047970479705
0 0.4541015625 0.8607011070110702 0.048828125 0.07933579335793357
0 0.498046875 0.8902214022140221 0.04296875 0.1088560885608856
0 0.4541015625 0.8856088560885609 0.048828125 0.08118081180811808
0 0.45556640625 0.37915129151291516 0.1181640625 0.2011070110701107
0 0.69580078125 0.7785977859778598 0.0654296875 0.11808118081180811
0 0.10205078125 0.727859778597786 0.0263671875 0.03505535055350553
0 0.7666015625 0.7767527675276753 0.015625 0.02952029520295203
0 0.798828125 0.06273062730627306 0.0546875 0.11439114391143912
0 0.57275390625 0.02029520295202952 0.0146484375 0.02952029520295203
0 0.79736328125 0.13560885608856088 0.0146484375 0.02029520295202952
0 0.025390625 0.4833948339483395 0.013671875 0.025830258302583026
0 0.0849609375 0.02029520295202952 0.00390625 0.01107011070110701
