0 0.20751953125 0.8579335793357934 0.0419921875 0.07380073800738007
0 0.833984375 0.6789667896678967 0.048828125 0.08487084870848709
0 0.8271484375 0.7638376383763837 0.037109375 0.05904059040590406
0 0.935546875 0.731549815498155 0.03515625 0.06088560885608856
0 0.48291015625 0.5018450184501845 0.0341796875 0.05904059040590406
0 0.1708984375 0.19464944649446494 0.041015625 0.07564575645756458
0 0.78857421875 0.5830258302583026 0.0322265625 0.05166051660516605
0 0.98828125 0.4059040590405904 0.021484375 0.07011070110701106
0 0.8388671875 0.5313653136531366 0.068359375 0.12177121771217712
0 0.78662109375 0.7075645756457565 0.0107421875 0.03505535055350553
0 0.82861328125 0.6190036900369004 0.0146484375 0.027675276752767528
0 0.49755859375 0.02859778597785978 0.0302734375 0.023985239852398525
