0 0.4912109375 0.5784132841328413 0.0390625 0.06457564575645756
0 0.185546875 0.6918819188191881 0.046875 0.07749077490774908
0 0.90869140625 0.6955719557195572 0.0341796875 0.055350553505535055
0 0.5205078125 0.9437269372693727 0.015625 0.027675276752767528
0 0.74755859375 0.5811808118081181 0.0263671875 0.04797047970479705
0 0.1298828125 0.514760147601476 0.091796875 0.16236162361623616
0 0.625 0.6937269372693727 0.021484375 0.03690036900369004
0 0.6884765625 0.5562730627306273 0.03125 0.06457564575645756
0 0.69775390625 0.6476014760147601 0.0107421875 0.02214022140221402
0 0.47802734375 0.6273062730627307 0.0263671875 0.025830258302583026
0 0.62841796875 0.9677121771217713 0.0576171875 0.06088560885608856
0 0.68359375 0.9750922509225092 0.046875 0.046125461254612546
0 0.93994140625 0.24354243542435425 0.0244140625 0.02214022140221402
0 0.40283203125 0.04981549815498155 0.0107421875 0.033210332103321034
0 0.6904296875 0.3874538745387454 0.0078125 0.04428044280442804
