0 0.47412109375 0.8625461254612546 0.0380859375 0.06457564575645756
0 0.74072265625 0.6033210332103321 0.0322265625 0.055350553505535055
0 0.5390625 0.6134686346863468 0.0546875 0.10516605166051661
0 0.8935546875 0.6512915129151291 0.048828125 0.0959409594095941
0 0.1103515625 0.33948339483394835 0.02734375 0.05166051660516605
0 0.40673828125 0.24723247232472326 0.0166015625 0.025830258302583026
0 0.9716796875 0.7186346863468634 0.0546875 0.12361623616236163
0 0.13818359375 0.283210332103321 0.0478515625 0.08302583025830258
0 0.1357421875 0.29704797047970477 0.0625 0.11070110701107011
0 0.38720703125 0.05350553505535055 0.0244140625 0.04059040590405904
0 0.37939453125 0.5304428044280443 0.0576171875 0.13837638376383765
0 0.5771484375 0.025830258302583026 0.04296875 0.05166051660516605
0 0.916015625 0.3634686346863469 0.0625 0.11439114391143912
0 0.109375 0.5461254612546126 0.009765625 0.025830258302583026
