0 0.77978515625 0.3892988929889299 0.0419921875 0.07011070110701106
0 0.4443359375 0.6503690036900369 0.04296875 0.07564575645756458
0 0.0751953125 0.058118081180811805 0.03515625 0.05719557195571956
0 0.71923828125 0.021217712177121772 0.0166015625 0.027675276752767528
0 0.19384765625 0.09686346863468635 0.0263671875 0.04981549815498155
0 0.92333984375 0.3929889298892989 0.0341796875 0.05904059040590406
0 0.26220703125 0.48523985239852396 0.0166015625 0.02952029520295203
0 0.6728515625 0.5461254612546126 0.033203125 0.05904059040590406
0 0.19970703125 0.3948339483394834 0.0283203125 0.04797047970479705
0 0.3486328125 0.9261992619926199 0.02734375 0.04797047970479705
0 0.89404296875 0.09501845018450185 0.0302734375 0.04981549815498155
0 0.62939453125 0.7518450184501845 0.0224609375 0.03874538745387454
0 0.6064453125 0.466789667896679 0.01953125 0.03690036900369004
0 0.63330078125 0.4833948339483395 0.0263671875 0.04797047970479705
0 0.0341796875 0.17250922509225092 0.025390625 0.05719557195571956
0 0.25341796875 0.013837638376383764 0.0224609375 0.023985239852398525
0 0.845703125 0.9400369003690037 0.015625 0.023985239852398525
0 0.15478515625 0.29612546125461253 0.0224609375 0.03874538745387454
0 0.6474609375 0.042435424354243544 0.021484375 0.02952029520295203
0 0.96142578125 0.0544280442804428 0.0751953125 0.1088560885608856
