0 0.265625 0.4621771217712177 0.03125 0.05350553505535055
0 0.509765625 0.9649446494464945 0.0390625 0.05904059040590406
0 0.3466796875 0.17250922509225092 0.041015625 0.07195571955719557
0 0.16943359375 0.809040590405904 0.0380859375 0.06457564575645756
0 0.88525390625 0.5369003690036901 0.0341796875 0.05904059040590406
0 0.9111328125 0.4907749077490775 0.03125 0.05166051660516605
0 0.4482421875 0.11439114391143912 0.03125 0.05904059040590406
0 0.4150390625 0.6023985239852399 0.044921875 0.06457564575645756
0 0.51708984375 0.45202952029520294 0.0244140625 0.04428044280442804
0 0.24072265625 0.29059040590405905 0.0419921875 0.07195571955719557
0 0.98095703125 0.2066420664206642 0.0283203125 0.06642066420664207
0 0.2099609375 0.4280442804428044 0.01953125 0.033210332103321034
0 0.70703125 0.5894833948339483 0.02734375 0.04981549815498155
0 0.70751953125 0.18265682656826568 0.0283203125 0.05166051660516605
0 0.54150390625 0.9686346863468634 0.0185546875 0.025830258302583026
0 0.435546875 0.45018450184501846 0.013671875 0.014760147601476014
0 0.08984375 0.7380073800738007 0.015625 0.04428044280442804
0 0.53466796875 0.8173431734317343 0.0185546875 0.02952029520295203
0 0.49267578125 0.5452029520295203 0.0224609375 0.04981549815498155
0 0.9931640625 0.40498154981549817 0.01171875 0.02029520295202952
0 0.9580078125 0.8182656826568265 0.009765625 0.023985239852398525
0 0.40283203125 0.6595940959409594 0.0107421875 0.02029520295202952
