0 0.2900390625 0.9529520295202952 0.048828125 0.08302583025830258
0 0.9189453125 0.27121771217712176 0.033203125 0.055350553505535055
0 0.54345703125 0.046125461254612546 0.0458984375 0.07749077490774908
0 0.2900390625 0.36162361623616235 0.02734375 0.04797047970479705
0 0.94873046875 0.6605166051660517 0.0205078125 0.03690036900369004
0 0.1640625 0.15498154981549817 0.033203125 0.05904059040590406
0 0.009765625 0.7795202952029521 0.015625 0.042435424354243544
0 0.18310546875 0.9428044280442804 0.0712890625 0.11070110701107011
0 0.1982421875 0.8367158671586716 0.01171875 0.012915129151291513
0 0.66455078125 0.716789667896679 0.0048828125 0.012915129151291513
0 0.77880859375 0.9732472324723247 0.0244140625 0.042435424354243544
0 0.80517578125 0.9787822878228782 0.0224609375 0.03874538745387454
0 0.3486328125 0.5784132841328413 0.0234375 0.04981549815498155
0 0.271484375 0.7970479704797048 0.009765625 0.014760147601476014
0 0.310546875 0.45387453874538747 0.017578125 0.025830258302583026
0 0.880859375 0.2066420664206642 0.015625 0.01845018450184502
0 0.41015625 0.8874538745387454 0.01171875 0.01845018450184502
0 0.34033203125 0.8920664206642066 0.0068359375 0.00922509225092251
0 0.90283203125 0.24261992619926198 0.0166015625 0.027675276752767528
