0 0.6015625 0.6411439114391144 0.03515625 0.06088560885608856
0 0.486328125 0.6494464944649446 0.0234375 0.04428044280442804
0 0.30078125 0.9298892988929889 0.03515625 0.06642066420664207
0 0.6123046875 0.9474169741697417 0.0234375 0.042435424354243544
0 0.46630859375 0.9261992619926199 0.0185546875 0.025830258302583026
0 0.7158203125 0.257380073800738 0.0234375 0.03874538745387454
0 0.52001953125 0.5055350553505535 0.0166015625 0.025830258302583026
0 0.15380859375 0.3514760147601476 0.0517578125 0.0940959409594096
0 0.71728515625 0.3284132841328413 0.0439453125 0.07749077490774908
0 0.228515625 0.5710332103321033 0.0234375 0.03874538745387454
0 0.1591796875 0.2878228782287823 0.017578125 0.02952029520295203
0 0.28369140625 0.27767527675276754 0.0517578125 0.0940959409594096
0 0.77392578125 0.8357933579335793 0.0166015625 0.03690036900369004
0 0.525390625 0.5535055350553506 0.009765625 0.014760147601476014
0 0.5234375 0.5738007380073801 0.01953125 0.02952029520295203
0 0.2958984375 0.6125461254612546 0.0234375 0.04797047970479705
0 0.94189453125 0.26014760147601473 0.0087890625 0.02952029520295203
0 0.01513671875 0.9197416974169742 0.0302734375 0.11992619926199262
0 0.01513671875 0.8025830258302583 0.0224609375 0.11439114391143912
