0 0.802734375 0.8339483394833949 0.044921875 0.07380073800738007
0 0.9775390625 0.6891143911439115 0.04296875 0.07195571955719557
0 0.2841796875 0.6143911439114391 0.04296875 0.07011070110701106
0 0.07568359375 0.514760147601476 0.0400390625 0.07011070110701106
0 0.18310546875 0.9603321033210332 0.0361328125 0.05719557195571956
0 0.53271484375 0.48154981549815495 0.0419921875 0.07011070110701106
0 0.4443359375 0.6236162361623616 0.046875 0.08118081180811808
0 0.865234375 0.9040590405904059 0.03125 0.055350553505535055
0 0.7744140625 0.9566420664206642 0.068359375 0.08302583025830258
0 0.86669921875 0.716789667896679 0.0224609375 0.03505535055350553
0 0.61181640625 0.6992619926199262 0.0263671875 0.04797047970479705
0 0.71923828125 0.3182656826568266 0.0263671875 0.04981549815498155
0 0.67626953125 0.36162361623616235 0.0732421875 0.12546125461254612
0 0.54150390625 0.06088560885608856 0.0458984375 0.08856088560885608
0 0.21435546875 0.05627306273062731 0.0751953125 0.11254612546125461
0 0.2568359375 0.5239852398523985 0.0625 0.1070110701107011
0 0.88134765625 0.7527675276752768 0.0185546875 0.05904059040590406
0 0.5546875 0.42712177121771217 0.009765625 0.02029520295202952
0 0.9931640625 0.6217712177121771 0.01171875 0.08118081180811808
