0 0.84130859375 0.21494464944649447 0.0341796875 0.06088560885608856
0 0.66796875 0.4492619926199262 0.0390625 0.06457564575645756
0 0.23681640625 0.2896678966789668 0.0458984375 0.08118081180811808
0 0.47705078125 0.8210332103321033 0.0380859375 0.07011070110701106
0 0.58837890625 0.0507380073800738 0.0302734375 0.05350553505535055
0 0.6767578125 0.11531365313653137 0.04296875 0.07195571955719557
0 0.3984375 0.5064575645756457 0.03515625 0.05719557195571956
0 0.95068359375 0.3726937269372694 0.0224609375 0.04059040590405904
0 0.578125 0.584870848708487 0.03125 0.05166051660516605
0 0.55859375 0.03228782287822878 0.037109375 0.06457564575645756
0 0.4921875 0.8939114391143912 0.03125 0.05719557195571956
0 0.43798828125 0.551660516605166 0.0302734375 0.05166051660516605
0 0.197265625 0.9391143911439115 0.029296875 0.05166051660516605
0 0.5537109375 0.6586715867158671 0.037109375 0.06273062730627306
0 0.50927734375 0.8376383763837638 0.0439453125 0.08118081180811808
0 0.505859375 0.6669741697416974 0.052734375 0.09778597785977859
0 0.2373046875 0.23616236162361623 0.03515625 0.055350553505535055
0 0.60888671875 0.1540590405904059 0.0771484375 0.13468634686346864
0 0.09912109375 0.055350553505535055 0.0771484375 0.11070110701107011
0 0.56640625 0.7047970479704797 0.048828125 0.08487084870848709
0 0.84912109375 0.7629151291512916 0.0087890625 0.027675276752767528
0 0.63671875 0.9354243542435424 0.01953125 0.025830258302583026
0 0.61328125 0.07841328413284133 0.009765625 0.027675276752767528
0 0.654296875 0.1448339483394834 0.013671875 0.042435424354243544
0 0.5 0.5839483394833949 0.01171875 0.03505535055350553
