0 0.1083984375 0.3800738007380074 0.0390625 0.06642066420664207
0 0.49853515625 0.22509225092250923 0.0419921875 0.07380073800738007
0 0.50732421875 0.8902214022140221 0.0341796875 0.05719557195571956
0 0.24658203125 0.8468634686346863 0.0498046875 0.08487084870848709
0 0.07080078125 0.4547970479704797 0.0380859375 0.06457564575645756
0 0.69287109375 0.3662361623616236 0.0400390625 0.06826568265682657
0 0.84228515625 0.7998154981549815 0.0166015625 0.03136531365313653
0 0.1435546875 0.8238007380073801 0.05078125 0.09778597785977859
0 0.79248046875 0.26476014760147604 0.0205078125 0.03505535055350553
0 0.7060546875 0.246309963099631 0.072265625 0.12730627306273062
0 0.5361328125 0.5931734317343174 0.0390625 0.06457564575645756
0 0.2734375 0.8053505535055351 0.029296875 0.04981549815498155
0 0.552734375 0.28413284132841327 0.029296875 0.055350553505535055
0 0.20361328125 0.492619926199262 0.0361328125 0.06273062730627306
0 0.36279296875 0.023062730627306273 0.0439453125 0.046125461254612546
0 0.26123046875 0.8920664206642066 0.0166015625 0.03874538745387454
0 0.76220703125 0.9252767527675276 0.0576171875 0.11992619926199262
0 0.79833984375 0.42712177121771217 0.0126953125 0.02029520295202952
0 0.7392578125 0.5101476014760148 0.0078125 0.027675276752767528
0 0.21044921875 0.8846863468634686 0.0068359375 0.012915129151291513
