0 0.7626953125 0.8025830258302583 0.037109375 0.06273062730627306
0 0.1298828125 0.9178966789667896 0.044921875 0.07933579335793357
0 0.47509765625 0.9391143911439115 0.0400390625 0.07380073800738007
0 0.88427734375 0.2730627306273063 0.0341796875 0.05904059040590406
0 0.7880859375 0.42988929889298894 0.041015625 0.07749077490774908
0 0.30419921875 0.11808118081180811 0.0419921875 0.07749077490774908
0 0.2900390625 0.9723247232472325 0.037109375 0.05166051660516605
0 0.35693359375 0.42435424354243545 0.0283203125 0.04797047970479705
0 0.47021484375 0.261070110701107 0.0322265625 0.05719557195571956
0 0.79296875 0.11162361623616236 0.0546875 0.1014760147601476
0 0.87158203125 0.3274907749077491 0.0380859375 0.06826568265682657
0 0.25439453125 0.6088560885608856 0.0869140625 0.15498154981549817
0 0.00830078125 0.4437269372693727 0.0126953125 0.023985239852398525
0 0.19091796875 0.06365313653136531 0.0380859375 0.06457564575645756
0 0.35205078125 0.36531365313653136 0.0302734375 0.05166051660516605
0 0.60498046875 0.8763837638376384 0.0166015625 0.02952029520295203
0 0.21337890625 0.794280442804428 0.0791015625 0.14206642066420663
0 0.18408203125 0.6974169741697417 0.0146484375 0.033210332103321034
0 0.19287109375 0.11070110701107011 0.0400390625 0.06273062730627306
0 0.6884765625 0.3966789667896679 0.025390625 0.04059040590405904
0 0.66552734375 0.3422509225092251 0.0419921875 0.06826568265682657
0 0.43701171875 0.4944649446494465 0.0185546875 0.03690036900369004
0 0.0673828125 0.8874538745387454 0.015625 0.02952029520295203
0 0.74609375 0.3837638376383764 0.01953125 0.025830258302583026
0 0.75 0.9003690036900369 0.01171875 0.025830258302583026
0 0.9775390625 0.7306273062730627 0.041015625 0.14022140221402213
0 0.79248046875 0.4944649446494465 0.0087890625 0.01845018450184502
0 0.6689453125 0.4160516605166052 0.01171875 0.027675276752767528
