0 0.94384765625 0.30350553505535055 0.0419921875 0.07195571955719557
0 0.67041015625 0.3062730627306273 0.0322265625 0.04797047970479705
0 0.69384765625 0.3607011070110701 0.0341796875 0.06457564575645756
0 0.50634765625 0.7287822878228782 0.0166015625 0.02952029520295203
0 0.1240234375 0.2592250922509225 0.029296875 0.04981549815498155
0 0.5625 0.3182656826568266 0.060546875 0.11254612546125461
0 0.20947265625 0.6688191881918819 0.0107421875 0.02029520295202952
0 0.60009765625 0.32656826568265684 0.0224609375 0.06273062730627306
0 0.57177734375 0.37822878228782286 0.0146484375 0.02952029520295203
0 0.2392578125 0.016605166051660517 0.033203125 0.033210332103321034
