0 0.83935546875 0.8154981549815498 0.0419921875 0.07380073800738007
0 0.212890625 0.8560885608856088 0.041015625 0.07011070110701106
0 0.3212890625 0.5230627306273062 0.04296875 0.07195571955719557
0 0.91552734375 0.14575645756457564 0.0419921875 0.07011070110701106
0 0.2919921875 0.8865313653136532 0.046875 0.07933579335793357
0 0.1826171875 0.6808118081180812 0.01953125 0.033210332103321034
0 0.23046875 0.9566420664206642 0.037109375 0.07195571955719557
0 0.49853515625 0.8736162361623616 0.0419921875 0.07564575645756458
0 0.89697265625 0.32933579335793356 0.0556640625 0.09778597785977859
0 0.8095703125 0.8643911439114391 0.03125 0.05350553505535055
0 0.8427734375 0.025830258302583026 0.033203125 0.04797047970479705
0 0.67822265625 0.14944649446494465 0.0556640625 0.1033210332103321
0 0.8642578125 0.24723247232472326 0.048828125 0.1070110701107011
0 0.58740234375 0.7269372693726938 0.0107421875 0.01845018450184502
0 0.26318359375 0.238929889298893 0.0087890625 0.02029520295202952
0 0.88916015625 0.22047970479704798 0.0185546875 0.042435424354243544
0 0.43017578125 0.8201107011070111 0.0107421875 0.02029520295202952
