0 0.466796875 0.32656826568265684 0.03515625 0.06273062730627306
0 0.78125 0.2481549815498155 0.04296875 0.07195571955719557
0 0.63671875 0.07287822878228782 0.041015625 0.06826568265682657
0 0.14208984375 0.3699261992619926 0.0224609375 0.03874538745387454
0 0.7080078125 0.36162361623616235 0.03515625 0.05904059040590406
0 0.75830078125 0.5313653136531366 0.0322265625 0.055350553505535055
0 0.08154296875 0.9132841328413284 0.0341796875 0.06273062730627306
0 0.98583984375 0.32933579335793356 0.0185546875 0.03505535055350553
0 0.26806640625 0.3247232472324723 0.0419921875 0.08487084870848709
0 0.625 0.8699261992619927 0.017578125 0.027675276752767528
0 0.26953125 0.3339483394833948 0.05859375 0.0996309963099631
0 0.1962890625 0.11162361623616236 0.017578125 0.03136531365313653
0 0.94677734375 0.4566420664206642 0.0166015625 0.027675276752767528
0 0.45068359375 0.31642066420664205 0.0380859375 0.06457564575645756
0 0.146484375 0.9123616236162362 0.015625 0.027675276752767528
0 0.75048828125 0.2878228782287823 0.0126953125 0.02214022140221402
0 0.5830078125 0.45295202952029523 0.009765625 0.027675276752767528
0 0.7978515625 0.2140221402214022 0.029296875 0.07380073800738007
