0 0.85986328125 0.4797047970479705 0.0322265625 0.055350553505535055
0 0.94677734375 0.11715867158671586 0.0283203125 0.04981549815498155
0 0.79150390625 0.8523985239852399 0.0439453125 0.07380073800738007
0 0.68701171875 0.6420664206642066 0.0185546875 0.033210332103321034
0 0.970703125 0.061808118081180814 0.0390625 0.07195571955719557
0 0.35400390625 0.41420664206642066 0.0224609375 0.03874538745387454
0 0.22021484375 0.42066420664206644 0.0498046875 0.08487084870848709
0 0.56103515625 0.046125461254612546 0.0263671875 0.04797047970479705
0 0.43115234375 0.15867158671586715 0.0146484375 0.02214022140221402
0 0.61865234375 0.4003690036900369 0.0224609375 0.03690036900369004
0 0.0849609375 0.6134686346863468 0.009765625 0.027675276752767528
0 0.95654296875 0.02214022140221402 0.0595703125 0.033210332103321034
