0 0.94970703125 0.7204797047970479 0.0380859375 0.06457564575645756
0 0.1435546875 0.3699261992619926 0.0390625 0.07195571955719557
0 0.3232421875 0.6208487084870848 0.04296875 0.07195571955719557
0 0.87255859375 0.6660516605166051 0.0400390625 0.07011070110701106
0 0.89697265625 0.13007380073800737 0.0380859375 0.06826568265682657
0 0.67138671875 0.29704797047970477 0.0498046875 0.08856088560885608
0 0.91357421875 0.7001845018450185 0.0341796875 0.05719557195571956
0 0.685546875 0.3736162361623616 0.037109375 0.06088560885608856
0 0.0361328125 0.3625461254612546 0.04296875 0.07933579335793357
0 0.55712890625 0.39575645756457567 0.0302734375 0.04981549815498155
0 0.76708984375 0.672509225092251 0.0498046875 0.0940959409594096
0 0.69091796875 0.07380073800738007 0.0498046875 0.08856088560885608
0 0.318359375 0.9464944649446494 0.017578125 0.033210332103321034
0 0.3447265625 0.7066420664206642 0.025390625 0.04059040590405904
0 0.2421875 0.08394833948339483 0.0703125 0.13099630996309963
0 0.20947265625 0.38837638376383765 0.0791015625 0.14944649446494465
0 0.783203125 0.3247232472324723 0.01171875 0.02214022140221402
0 0.15283203125 0.19649446494464945 0.0126953125 0.02029520295202952
0 0.12744140625 0.6282287822878229 0.0556640625 0.09778597785977859
0 0.93017578125 0.503690036900369 0.0107421875 0.025830258302583026
