0 0.7646484375 0.6476014760147601 0.04296875 0.07011070110701106
0 0.45263671875 0.6789667896678967 0.0458984375 0.07749077490774908
0 0.6494140625 0.6319188191881919 0.044921875 0.07933579335793357
0 0.87060546875 0.24538745387453875 0.0458984375 0.07749077490774908
0 0.36767578125 0.6337638376383764 0.0419921875 0.07564575645756458
0 0.73095703125 0.3459409594095941 0.0322265625 0.05719557195571956
0 0.6904296875 0.6217712177121771 0.03515625 0.055350553505535055
0 0.53759765625 0.8856088560885609 0.0498046875 0.08487084870848709
0 0.3046875 0.4040590405904059 0.0390625 0.06273062730627306
0 0.7646484375 0.7518450184501845 0.048828125 0.08302583025830258
0 0.0419921875 0.22324723247232472 0.03515625 0.06273062730627306
0 0.64892578125 0.3726937269372694 0.0244140625 0.04428044280442804
0 0.212890625 0.08948339483394833 0.021484375 0.03874538745387454
0 0.65087890625 0.5304428044280443 0.0556640625 0.1088560885608856
0 0.4375 0.8763837638376384 0.05859375 0.1070110701107011
0 0.46630859375 0.47601476014760147 0.0791015625 0.13653136531365315
0 0.419921875 0.8717712177121771 0.03515625 0.06457564575645756
0 0.1650390625 0.06273062730627306 0.064453125 0.1070110701107011
0 0.443359375 0.8856088560885609 0.048828125 0.07749077490774908
0 0.56201171875 0.1282287822878229 0.0205078125 0.03874538745387454
0 0.9384765625 0.33948339483394835 0.0703125 0.14391143911439114
0 0.9912109375 0.6605166051660517 0.01171875 0.033210332103321034
