0 0.5830078125 0.6771217712177122 0.037109375 0.06642066420664207
0 0.0576171875 0.9603321033210332 0.033203125 0.06088560885608856
0 0.16259765625 0.8597785977859779 0.0341796875 0.05904059040590406
0 0.58154296875 0.6263837638376384 0.0205078125 0.03505535055350553
0 0.75341796875 0.9677121771217713 0.0478515625 0.06088560885608856
0 0.0244140625 0.44280442804428044 0.029296875 0.05166051660516605
0 0.52099609375 0.2370848708487085 0.0283203125 0.04981549815498155
0 0.2470703125 0.6300738007380073 0.029296875 0.04981549815498155
0 0.17626953125 0.12361623616236163 0.0263671875 0.04428044280442804
0 0.919921875 0.6457564575645757 0.029296875 0.04797047970479705
0 0.3974609375 0.9732472324723247 0.033203125 0.04981549815498155
0 0.4423828125 0.915129151291513 0.09765625 0.16605166051660517
0 0.18115234375 0.9760147601476015 0.0361328125 0.04428044280442804
0 0.1025390625 0.5470479704797048 0.107421875 0.1974169741697417
0 0.103515625 0.29428044280442806 0.068359375 0.12361623616236163
0 0.70751953125 0.8496309963099631 0.0302734375 0.04981549815498155
0 0.08984375 0.985239852398524 0.0234375 0.01845018450184502
0 0.6728515625 0.6494464944649446 0.01953125 0.033210332103321034
0 0.55712890625 0.977859778597786 0.0458984375 0.04059040590405904
0 0.0634765625 0.37177121771217714 0.01171875 0.016605166051660517
0 0.875 0.9363468634686347 0.013671875 0.02029520295202952
0 0.3125 0.9612546125461254 0.017578125 0.04059040590405904
0 0.0595703125 0.14575645756457564 0.009765625 0.01845018450184502
