0 0.5634765625 0.4003690036900369 0.041015625 0.07011070110701106
0 0.11669921875 0.6402214022140221 0.0224609375 0.03690036900369004
0 0.40673828125 0.7795202952029521 0.0263671875 0.046125461254612546
0 0.8857421875 0.18173431734317344 0.029296875 0.04981549815498155
0 0.35107421875 0.21217712177121772 0.0302734375 0.05166051660516605
0 0.74951171875 0.37822878228782286 0.0263671875 0.04797047970479705
0 0.04052734375 0.9326568265682657 0.0693359375 0.11992619926199262
0 0.8232421875 0.5701107011070111 0.013671875 0.02214022140221402
0 0.9482421875 0.915129151291513 0.021484375 0.02952029520295203
0 0.34765625 0.08487084870848709 0.017578125 0.03690036900369004
