0 0.16845703125 0.03966789667896679 0.0380859375 0.06457564575645756
0 0.2080078125 0.5488929889298892 0.0390625 0.06457564575645756
0 0.19287109375 0.18173431734317344 0.0478515625 0.08302583025830258
0 0.74951171875 0.8892988929889298 0.0302734375 0.05166051660516605
0 0.08154296875 0.28136531365313655 0.0458984375 0.07933579335793357
0 0.24755859375 0.5931734317343174 0.0283203125 0.04981549815498155
0 0.50537109375 0.7509225092250923 0.0791015625 0.13653136531365315
0 0.22900390625 0.09225092250922509 0.0439453125 0.08118081180811808
0 0.2314453125 0.10608856088560886 0.060546875 0.10516605166051661
0 0.25146484375 0.5350553505535055 0.0341796875 0.055350553505535055
0 0.5595703125 0.8846863468634686 0.02734375 0.04981549815498155
0 0.76953125 0.4123616236162362 0.078125 0.15313653136531366
0 0.66650390625 0.8357933579335793 0.0107421875 0.02952029520295203
0 0.81787109375 0.13007380073800737 0.0107421875 0.023985239852398525
