0 0.8876953125 0.8357933579335793 0.044921875 0.07749077490774908
0 0.29833984375 0.3874538745387454 0.0166015625 0.02952029520295203
0 0.6064453125 0.5488929889298892 0.033203125 0.05719557195571956
0 0.955078125 0.5913284132841329 0.033203125 0.05719557195571956
0 0.64501953125 0.0996309963099631 0.0341796875 0.05904059040590406
0 0.98291015625 0.8376383763837638 0.0322265625 0.09225092250922509
0 0.20703125 0.05719557195571956 0.0390625 0.06642066420664207
0 0.78564453125 0.8662361623616236 0.0556640625 0.1088560885608856
0 0.98388671875 0.9095940959409594 0.0224609375 0.03690036900369004
0 0.11767578125 0.9298892988929889 0.0263671875 0.04428044280442804
0 0.58984375 0.29428044280442806 0.02734375 0.03874538745387454
0 0.908203125 0.07749077490774908 0.02734375 0.04797047970479705
0 0.259765625 0.8173431734317343 0.07421875 0.12915129151291513
0 0.150390625 0.3496309963099631 0.056640625 0.11254612546125461
0 0.49853515625 0.1540590405904059 0.0205078125 0.05350553505535055
0 0.49755859375 0.23616236162361623 0.0224609375 0.033210332103321034
0 0.01904296875 0.0959409594095941 0.0205078125 0.03690036900369004
0 0.52197265625 0.238929889298893 0.0126953125 0.02029520295202952
0 0.86572265625 0.5138376383763837 0.0107421875 0.02029520295202952
