0 0.51513671875 0.9123616236162362 0.0478515625 0.08302583025830258
0 0.52734375 0.39391143911439114 0.033203125 0.05719557195571956
0 0.810546875 0.29981549815498154 0.021484375 0.042435424354243544
0 0.09912109375 0.1448339483394834 0.0205078125 0.03874538745387454
0 0.0654296875 0.8939114391143912 0.017578125 0.03136531365313653
0 0.0615234375 0.3284132841328413 0.0546875 0.0996309963099631
0 0.34326171875 0.10055350553505535 0.0224609375 0.03505535055350553
0 0.01953125 0.9575645756457565 0.03515625 0.07380073800738007
0 0.11669921875 0.9003690036900369 0.0263671875 0.04797047970479705
0 0.79345703125 0.3643911439114391 0.0205078125 0.03505535055350553
0 0.98583984375 0.8210332103321033 0.0263671875 0.05904059040590406
0 0.35791015625 0.5968634686346863 0.0654296875 0.11254612546125461
0 0.697265625 0.32287822878228783 0.123046875 0.21033210332103322
0 0.6845703125 0.1466789667896679 0.015625 0.023985239852398525
0 0.9638671875 0.9723247232472325 0.009765625 0.01845018450184502
0 0.7802734375 0.2915129151291513 0.005859375 0.02214022140221402
0 0.7333984375 0.783210332103321 0.009765625 0.023985239852398525
0 0.7890625 0.3413284132841328 0.0234375 0.02952029520295203
