0 0.29150390625 0.17619926199261993 0.0419921875 0.07195571955719557
0 0.833984375 0.13837638376383765 0.033203125 0.05904059040590406
0 0.93310546875 0.8634686346863468 0.0439453125 0.07749077490774908
0 0.21337890625 0.5202952029520295 0.0439453125 0.07380073800738007
0 0.828125 0.7029520295202952 0.033203125 0.05904059040590406
0 0.3857421875 0.8210332103321033 0.05078125 0.09225092250922509
0 0.1904296875 0.283210332103321 0.04296875 0.07933579335793357
0 0.50927734375 0.11254612546125461 0.0361328125 0.05904059040590406
0 0.7861328125 0.3634686346863469 0.0390625 0.07011070110701106
0 0.029296875 0.9252767527675276 0.05078125 0.09778597785977859
0 0.64794921875 0.08671586715867159 0.0361328125 0.06273062730627306
0 0.4306640625 0.07103321033210332 0.05078125 0.0940959409594096
0 0.2919921875 0.05719557195571956 0.033203125 0.055350553505535055
0 0.5224609375 0.8966789667896679 0.029296875 0.05166051660516605
0 0.56884765625 0.8819188191881919 0.0556640625 0.0959409594095941
0 0.44384765625 0.1974169741697417 0.0849609375 0.15129151291512916
0 0.58447265625 0.8939114391143912 0.0712890625 0.13099630996309963
0 0.48876953125 0.21033210332103322 0.0322265625 0.05166051660516605
0 0.55126953125 0.0996309963099631 0.0322265625 0.05904059040590406
0 0.94189453125 0.42712177121771217 0.0107421875 0.023985239852398525
0 0.68896484375 0.9059040590405905 0.0107421875 0.05166051660516605
0 0.583984375 0.6678966789667896 0.015625 0.025830258302583026
0 0.24853515625 0.3837638376383764 0.0126953125 0.03690036900369004
0 0.46826171875 0.11623616236162361 0.0302734375 0.07749077490774908
0 0.4912109375 0.17158671586715868 0.037109375 0.05166051660516605
0 0.5732421875 0.6282287822878229 0.01171875 0.012915129151291513
0 0.869140625 0.6928044280442804 0.005859375 0.023985239852398525
0 0.4853515625 0.03782287822878229 0.048828125 0.06826568265682657
