0 0.486328125 0.9621771217712177 0.052734375 0.07195571955719557
0 0.75 0.24077490774907748 0.03125 0.05350553505535055
0 0.05322265625 0.28136531365313655 0.0224609375 0.03874538745387454
0 0.294921875 0.7001845018450185 0.068359375 0.11992619926199262
0 0.9248046875 0.22232472324723246 0.0078125 0.023985239852398525
0 0.18212890625 0.6466789667896679 0.0107421875 0.03136531365313653
0 0.41455078125 0.3874538745387454 0.0166015625 0.04797047970479705
0 0.4619140625 0.21033210332103322 0.05859375 0.12915129151291513
0 0.68212890625 0.275830258302583 0.0107421875 0.02029520295202952
0 0.72412109375 0.2730627306273063 0.0087890625 0.025830258302583026
