0 0.13623046875 0.3311808118081181 0.0322265625 0.05350553505535055
0 0.740234375 0.9012915129151291 0.041015625 0.07195571955719557
0 0.6240234375 0.9188191881918819 0.0390625 0.07011070110701106
0 0.10595703125 0.31088560885608857 0.0302734375 0.04981549815498155
0 0.9228515625 0.9252767527675276 0.04296875 0.07564575645756458
0 0.98046875 0.5913284132841329 0.037109375 0.07933579335793357
0 0.244140625 0.2656826568265683 0.037109375 0.05904059040590406
0 0.51708984375 0.25 0.0537109375 0.09778597785977859
0 0.400390625 0.5101476014760148 0.033203125 0.05719557195571956
0 0.24853515625 0.14760147601476015 0.0478515625 0.1033210332103321
0 0.708984375 0.8062730627306273 0.025390625 0.04059040590405904
0 0.68798828125 0.09040590405904059 0.0341796875 0.06273062730627306
0 0.70751953125 0.9243542435424354 0.0302734375 0.04797047970479705
0 0.2275390625 0.6568265682656826 0.015625 0.02952029520295203
0 0.0146484375 0.6706642066420664 0.009765625 0.02029520295202952
