0 0.66015625 0.03966789667896679 0.046875 0.07933579335793357
0 0.5048828125 0.0940959409594096 0.048828125 0.07380073800738007
0 0.63330078125 0.6217712177121771 0.0361328125 0.05904059040590406
0 0.77734375 0.1070110701107011 0.03515625 0.05904059040590406
0 0.06689453125 0.0544280442804428 0.0478515625 0.08302583025830258
0 0.33056640625 0.2555350553505535 0.0419921875 0.07564575645756458
0 0.18701171875 0.9142066420664207 0.0322265625 0.05719557195571956
0 0.48046875 0.1559040590405904 0.029296875 0.04981549815498155
0 0.5810546875 0.5608856088560885 0.015625 0.025830258302583026
0 0.05517578125 0.238929889298893 0.0263671875 0.04981549815498155
0 0.9013671875 0.058118081180811805 0.02734375 0.04981549815498155
0 0.66259765625 0.1448339483394834 0.0283203125 0.04981549815498155
0 0.38037109375 0.17619926199261993 0.0849609375 0.15682656826568267
0 0.2001953125 0.6863468634686347 0.048828125 0.08118081180811808
0 0.56298828125 0.7001845018450185 0.0556640625 0.0940959409594096
0 0.2041015625 0.7038745387453874 0.064453125 0.11992619926199262
0 0.22021484375 0.4418819188191882 0.0166015625 0.03136531365313653
0 0.328125 0.47509225092250923 0.0234375 0.03136531365313653
0 0.6240234375 0.16051660516605165 0.017578125 0.04428044280442804
0 0.01708984375 0.21033210332103322 0.0341796875 0.11439114391143912
0 0.47265625 0.08856088560885608 0.02734375 0.07011070110701106
