0 0.287109375 0.7555350553505535 0.041015625 0.07195571955719557
0 0.0576171875 0.522140221402214 0.0390625 0.07011070110701106
0 0.5341796875 0.5645756457564576 0.021484375 0.03690036900369004
0 0.373046875 0.7656826568265682 0.0390625 0.07011070110701106
0 0.88525390625 0.3404059040590406 0.0478515625 0.08671586715867159
0 0.552734375 0.11808118081180811 0.025390625 0.04428044280442804
0 0.5673828125 0.3367158671586716 0.017578125 0.03505535055350553
0 0.52392578125 0.7878228782287823 0.0283203125 0.04797047970479705
0 0.25830078125 0.39114391143911437 0.0244140625 0.04797047970479705
0 0.31591796875 0.8201107011070111 0.0244140625 0.042435424354243544
0 0.93701171875 0.5876383763837638 0.0166015625 0.027675276752767528
0 0.40478515625 0.042435424354243544 0.0439453125 0.06642066420664207
0 0.23974609375 0.29981549815498154 0.0439453125 0.07933579335793357
0 0.2451171875 0.9806273062730627 0.02734375 0.03505535055350553
0 0.64697265625 0.26476014760147604 0.0146484375 0.03505535055350553
0 0.7490234375 0.47601476014760147 0.0078125 0.014760147601476014
