0 0.1513671875 0.29059040590405905 0.0390625 0.06826568265682657
0 0.0517578125 0.20756457564575645 0.037109375 0.06457564575645756
0 0.93994140625 0.801660516605166 0.0458984375 0.07933579335793357
0 0.38671875 0.5452029520295203 0.048828125 0.08671586715867159
0 0.333984375 0.18911439114391143 0.037109375 0.06826568265682657
0 0.029296875 0.9252767527675276 0.033203125 0.06088560885608856
0 0.67919921875 0.10516605166051661 0.0302734375 0.05166051660516605
0 0.201171875 0.5396678966789668 0.025390625 0.042435424354243544
0 0.35546875 0.6263837638376384 0.021484375 0.03874538745387454
0 0.98291015625 0.8477859778597786 0.0283203125 0.06826568265682657
0 0.1220703125 0.7398523985239852 0.033203125 0.05904059040590406
0 0.78662109375 0.5470479704797048 0.0244140625 0.042435424354243544
0 0.25244140625 0.5977859778597786 0.0888671875 0.15867158671586715
0 0.201171875 0.5396678966789668 0.03125 0.06088560885608856
0 0.349609375 0.47232472324723246 0.06640625 0.12177121771217712
0 0.03466796875 0.9824723247232472 0.0302734375 0.03136531365313653
0 0.90087890625 0.522140221402214 0.0166015625 0.025830258302583026
0 0.376953125 0.1411439114391144 0.060546875 0.11992619926199262
0 0.81884765625 0.07287822878228782 0.0634765625 0.13099630996309963
0 0.4326171875 0.6937269372693727 0.01953125 0.02952029520295203
