0 0.25 0.16143911439114392 0.04296875 0.07564575645756458
0 0.59033203125 0.28505535055350556 0.0400390625 0.06826568265682657
0 0.61572265625 0.8708487084870848 0.0439453125 0.07749077490774908
0 0.3046875 0.8662361623616236 0.0234375 0.042435424354243544
0 0.49853515625 0.8228782287822878 0.0361328125 0.06642066420664207
0 0.1162109375 0.8662361623616236 0.029296875 0.05350553505535055
0 0.9443359375 0.2924354243542435 0.05078125 0.08671586715867159
0 0.0966796875 0.6946494464944649 0.04296875 0.07564575645756458
0 0.58154296875 0.3496309963099631 0.0244140625 0.04981549815498155
0 0.6708984375 0.6374538745387454 0.025390625 0.042435424354243544
0 0.0576171875 0.6226937269372693 0.05859375 0.11254612546125461
0 0.115234375 0.6420664206642066 0.01953125 0.04428044280442804
0 0.3486328125 0.9769372693726938 0.01953125 0.023985239852398525
0 0.8203125 0.33025830258302585 0.009765625 0.03690036900369004
0 0.68359375 0.4252767527675277 0.017578125 0.02029520295202952
0 0.50927734375 0.32656826568265684 0.0185546875 0.04059040590405904
0 0.95361328125 0.22416974169741696 0.0263671875 0.05350553505535055
