0 0.7900390625 0.8773062730627307 0.033203125 0.05719557195571956
0 0.24169921875 0.4123616236162362 0.0380859375 0.06457564575645756
0 0.14501953125 0.1900369003690037 0.0400390625 0.07011070110701106
0 0.74853515625 0.5968634686346863 0.0361328125 0.06457564575645756
0 0.85791015625 0.6208487084870848 0.0498046875 0.09040590405904059
0 0.763671875 0.32287822878228783 0.02734375 0.04428044280442804
0 0.6279296875 0.8948339483394834 0.03125 0.05166051660516605
0 0.47705078125 0.8256457564575646 0.0712890625 0.12730627306273062
0 0.4541015625 0.043357933579335796 0.044921875 0.06457564575645756
0 0.53125 0.8440959409594095 0.029296875 0.05350553505535055
0 0.10791015625 0.11070110701107011 0.0166015625 0.025830258302583026
0 0.37158203125 0.16328413284132842 0.0166015625 0.02029520295202952
0 0.69384765625 0.7297047970479705 0.0126953125 0.03136531365313653
0 0.87353515625 0.25830258302583026 0.0634765625 0.11439114391143912
0 0.908203125 0.8514760147601476 0.064453125 0.12730627306273062
0 0.0146484375 0.03505535055350553 0.029296875 0.07011070110701106
