0 0.38623046875 0.6605166051660517 0.0380859375 0.06273062730627306
0 0.75390625 0.9612546125461254 0.033203125 0.05904059040590406
0 0.9013671875 0.20848708487084872 0.0390625 0.07380073800738007
0 0.115234375 0.9206642066420664 0.048828125 0.09225092250922509
0 0.33642578125 0.08763837638376384 0.0498046875 0.08671586715867159
0 0.69287109375 0.724169741697417 0.0498046875 0.08671586715867159
0 0.67529296875 0.683579335793358 0.0244140625 0.03874538745387454
0 0.0634765625 0.6079335793357934 0.025390625 0.046125461254612546
0 0.79296875 0.9760147601476015 0.03515625 0.04428044280442804
0 0.1337890625 0.738929889298893 0.060546875 0.12361623616236163
0 0.0986328125 0.7527675276752768 0.037109375 0.11070110701107011
0 0.9892578125 0.6789667896678967 0.017578125 0.05166051660516605
0 0.2900390625 0.2047970479704797 0.03125 0.06273062730627306
0 0.39453125 0.012915129151291513 0.021484375 0.025830258302583026
0 0.10546875 0.7998154981549815 0.01953125 0.03874538745387454
0 0.42236328125 0.8671586715867159 0.0068359375 0.01845018450184502
0 0.39306640625 0.9086715867158671 0.0087890625 0.023985239852398525
0 0.34326171875 0.6549815498154982 0.0087890625 0.025830258302583026
