0 0.5390625 0.41420664206642066 0.04296875 0.07564575645756458
0 0.1748046875 0.03874538745387454 0.037109375 0.06273062730627306
0 0.02001953125 0.03136531365313653 0.0380859375 0.06273062730627306
0 0.9501953125 0.10977859778597786 0.033203125 0.06457564575645756
0 0.9599609375 0.7859778597785978 0.046875 0.09225092250922509
0 0.59326171875 0.2859778597785978 0.0400390625 0.07011070110701106
0 0.84130859375 0.3238007380073801 0.0458984375 0.07933579335793357
0 0.57568359375 0.055350553505535055 0.0419921875 0.08487084870848709
0 0.904296875 0.5571955719557196 0.029296875 0.05166051660516605
0 0.46240234375 0.8099630996309963 0.0283203125 0.055350553505535055
0 0.82177734375 0.09686346863468635 0.0537109375 0.09778597785977859
0 0.412109375 0.533210332103321 0.013671875 0.02214022140221402
0 0.810546875 0.698339483394834 0.029296875 0.04981549815498155
0 0.3271484375 0.17435424354243542 0.0234375 0.042435424354243544
0 0.5322265625 0.02029520295202952 0.0390625 0.04059040590405904
0 0.1796875 0.28505535055350556 0.087890625 0.16420664206642066
0 0.267578125 0.3413284132841328 0.048828125 0.1033210332103321
0 0.974609375 0.06273062730627306 0.048828125 0.11808118081180811
0 0.5859375 0.5350553505535055 0.01171875 0.02214022140221402
0 0.033203125 0.3994464944649446 0.04296875 0.07564575645756458
0 0.77392578125 0.1411439114391144 0.0126953125 0.046125461254612546
0 0.22900390625 0.7970479704797048 0.0068359375 0.033210332103321034
0 0.412109375 0.3994464944649446 0.009765625 0.02029520295202952
0 0.31787109375 0.3477859778597786 0.0146484375 0.02029520295202952
0 0.22607421875 0.3154981549815498 0.0205078125 0.06273062730627306
0 0.615234375 0.981549815498155 0.021484375 0.033210332103321034
0 0.5390625 0.09225092250922509 0.03125 0.055350553505535055
0 0.06884765625 0.3966789667896679 0.0107421875 0.033210332103321034
