0 0.84228515625 0.5950184501845018 0.0400390625 0.06826568265682657
0 0.763671875 0.5507380073800738 0.041015625 0.06826568265682657
0 0.7333984375 0.8422509225092251 0.056640625 0.0940959409594096
0 0.58984375 0.9400369003690037 0.04296875 0.07564575645756458
0 0.53173828125 0.7601476014760148 0.0361328125 0.06642066420664207
0 0.13232421875 0.17804428044280443 0.0556640625 0.10516605166051661
0 0.1884765625 0.746309963099631 0.033203125 0.06088560885608856
0 0.68994140625 0.7850553505535055 0.0380859375 0.06457564575645756
0 0.05224609375 0.6485239852398524 0.0302734375 0.05719557195571956
0 0.30615234375 0.28413284132841327 0.0341796875 0.05904059040590406
0 0.3154296875 0.3533210332103321 0.025390625 0.042435424354243544
0 0.7626953125 0.6125461254612546 0.041015625 0.06642066420664207
0 0.625 0.6881918819188192 0.046875 0.07749077490774908
0 0.67333984375 0.5571955719557196 0.0732421875 0.13284132841328414
0 0.7294921875 0.8404059040590406 0.033203125 0.11623616236162361
0 0.759765625 0.9326568265682657 0.04296875 0.06457564575645756
0 0.2412109375 0.6411439114391144 0.015625 0.023985239852398525
0 0.02880859375 0.7306273062730627 0.0517578125 0.09225092250922509
0 0.01123046875 0.6512915129151291 0.0185546875 0.07011070110701106
0 0.2431640625 0.9114391143911439 0.017578125 0.02214022140221402
0 0.71630859375 0.3948339483394834 0.0576171875 0.1033210332103321
0 0.79638671875 0.24723247232472326 0.0185546875 0.04059040590405904
0 0.4716796875 0.12638376383763839 0.01953125 0.03505535055350553
0 0.84033203125 0.04151291512915129 0.0126953125 0.02029520295202952
0 0.91259765625 0.23431734317343172 0.0634765625 0.14391143911439114
0 0.71435546875 0.735239852398524 0.0107421875 0.023985239852398525
0 0.63818359375 0.503690036900369 0.0146484375 0.03690036900369004
