0 0.20849609375 0.12915129151291513 0.0419921875 0.07011070110701106
0 0.380859375 0.7656826568265682 0.052734375 0.0959409594095941
0 0.2890625 0.43726937269372695 0.041015625 0.06642066420664207
0 0.3603515625 0.6190036900369004 0.017578125 0.027675276752767528
0 0.0732421875 0.7250922509225092 0.03515625 0.06273062730627306
0 0.29931640625 0.3800738007380074 0.0302734375 0.055350553505535055
0 0.478515625 0.8145756457564576 0.052734375 0.1014760147601476
0 0.9248046875 0.9243542435424354 0.046875 0.08856088560885608
0 0.3193359375 0.4114391143911439 0.03125 0.055350553505535055
0 0.3212890625 0.4123616236162362 0.0234375 0.042435424354243544
0 0.32666015625 0.4086715867158672 0.0302734375 0.04981549815498155
0 0.24658203125 0.04059040590405904 0.0126953125 0.025830258302583026
0 0.0283203125 0.1706642066420664 0.048828125 0.13837638376383765
0 0.36279296875 0.5857933579335793 0.0224609375 0.03136531365313653
