0 0.7265625 0.6476014760147601 0.0390625 0.06642066420664207
0 0.63427734375 0.5784132841328413 0.0439453125 0.07195571955719557
0 0.54931640625 0.4833948339483395 0.0439453125 0.07380073800738007
0 0.74169921875 0.8680811808118081 0.0322265625 0.05350553505535055
0 0.3662109375 0.17804428044280443 0.046875 0.08671586715867159
0 0.3349609375 0.3533210332103321 0.017578125 0.03136531365313653
0 0.939453125 0.7619926199261993 0.03125 0.05166051660516605
0 0.79638671875 0.16974169741697417 0.0498046875 0.08487084870848709
0 0.98388671875 0.9418819188191881 0.0224609375 0.05719557195571956
0 0.93798828125 0.9566420664206642 0.0380859375 0.05719557195571956
0 0.2197265625 0.3994464944649446 0.021484375 0.03874538745387454
0 0.45556640625 0.34870848708487084 0.0556640625 0.1033210332103321
0 0.81787109375 0.023985239852398525 0.0302734375 0.04797047970479705
0 0.0341796875 0.7749077490774908 0.025390625 0.04059040590405904
0 0.83642578125 0.042435424354243544 0.0244140625 0.04797047970479705
0 0.93798828125 0.31365313653136534 0.0439453125 0.07011070110701106
0 0.5390625 0.43726937269372695 0.0234375 0.03690036900369004
0 0.275390625 0.1429889298892989 0.076171875 0.14206642066420663
0 0.87255859375 0.45387453874538747 0.0791015625 0.13284132841328414
0 0.23095703125 0.2011070110701107 0.0205078125 0.04797047970479705
0 0.39599609375 0.17988929889298894 0.0146484375 0.042435424354243544
0 0.6337890625 0.7490774907749077 0.01171875 0.02952029520295203
0 0.64599609375 0.7527675276752768 0.0146484375 0.01845018450184502
0 0.04052734375 0.8071955719557196 0.0205078125 0.03874538745387454
0 0.7744140625 0.8228782287822878 0.013671875 0.025830258302583026
0 0.11767578125 0.41697416974169743 0.0126953125 0.02214022140221402
0 0.8310546875 0.974169741697417 0.001953125 0.014760147601476014
