0 0.271484375 0.10424354243542436 0.04296875 0.07564575645756458
0 0.439453125 0.20756457564575645 0.03515625 0.06457564575645756
0 0.2685546875 0.4677121771217712 0.0390625 0.06826568265682657
0 0.80078125 0.0470479704797048 0.05078125 0.09040590405904059
0 0.841796875 0.21217712177121772 0.017578125 0.02952029520295203
0 0.58935546875 0.6392988929889298 0.0419921875 0.07195571955719557
0 0.3740234375 0.466789667896679 0.048828125 0.08487084870848709
0 0.4755859375 0.496309963099631 0.05078125 0.08856088560885608
0 0.53564453125 0.5950184501845018 0.0380859375 0.06088560885608856
0 0.48974609375 0.21217712177121772 0.0400390625 0.06642066420664207
0 0.1845703125 0.8837638376383764 0.021484375 0.03690036900369004
0 0.40380859375 0.1503690036900369 0.0478515625 0.08671586715867159
0 0.66748046875 0.6134686346863468 0.0498046875 0.08671586715867159
0 0.5712890625 0.7158671586715867 0.033203125 0.06273062730627306
0 0.1923828125 0.1014760147601476 0.0234375 0.04797047970479705
0 0.4951171875 0.7730627306273062 0.009765625 0.01845018450184502
0 0.6552734375 0.6817343173431735 0.025390625 0.042435424354243544
0 0.791015625 0.5581180811808119 0.029296875 0.046125461254612546
0 0.99267578125 0.44003690036900367 0.0107421875 0.07933579335793357
