0 0.27880859375 0.5728782287822878 0.0341796875 0.06088560885608856
0 0.5322265625 0.6014760147601476 0.021484375 0.03690036900369004
0 0.6044921875 0.5322878228782287 0.046875 0.07933579335793357
0 0.2177734375 0.34870848708487084 0.05078125 0.08487084870848709
0 0.28125 0.735239852398524 0.037109375 0.06088560885608856
0 0.6162109375 0.17435424354243542 0.03125 0.05350553505535055
0 0.79736328125 0.26752767527675275 0.0498046875 0.08487084870848709
0 0.42529296875 0.959409594095941 0.0810546875 0.07749077490774908
0 0.5615234375 0.03413284132841329 0.052734375 0.06826568265682657
0 0.7392578125 0.0470479704797048 0.021484375 0.03874538745387454
0 0.51904296875 0.816420664206642 0.0166015625 0.042435424354243544
0 0.77099609375 0.5627306273062731 0.0146484375 0.02952029520295203
0 0.7958984375 0.4308118081180812 0.01171875 0.02029520295202952
0 0.71728515625 0.5009225092250923 0.0654296875 0.0940959409594096
0 0.71630859375 0.43634686346863466 0.0224609375 0.02029520295202952
0 0.923828125 0.7555350553505535 0.017578125 0.03874538745387454
0 0.3095703125 0.02214022140221402 0.0390625 0.03690036900369004
