0 0.74462890625 0.9105166051660517 0.0478515625 0.08671586715867159
0 0.06982421875 0.30350553505535055 0.0341796875 0.05719557195571956
0 0.19482421875 0.17804428044280443 0.0205078125 0.03505535055350553
0 0.73193359375 0.3856088560885609 0.0283203125 0.05166051660516605
0 0.63427734375 0.19464944649446494 0.0341796875 0.05719557195571956
0 0.1201171875 0.8671586715867159 0.056640625 0.1033210332103321
0 0.4833984375 0.07287822878228782 0.029296875 0.04981549815498155
0 0.98193359375 0.9280442804428044 0.0166015625 0.025830258302583026
0 0.91259765625 0.6051660516605166 0.0146484375 0.025830258302583026
0 0.33984375 0.02214022140221402 0.033203125 0.03690036900369004
0 0.037109375 0.3505535055350554 0.025390625 0.03690036900369004
0 0.36181640625 0.6761992619926199 0.0224609375 0.046125461254612546
0 0.2333984375 0.7186346863468634 0.017578125 0.03136531365313653
0 0.318359375 0.9381918819188192 0.021484375 0.02029520295202952
0 0.2001953125 0.48616236162361626 0.01953125 0.023985239852398525
0 0.15673828125 0.7850553505535055 0.0126953125 0.023985239852398525
0 0.81689453125 0.4446494464944649 0.0341796875 0.06642066420664207
0 0.26806640625 0.2444649446494465 0.0205078125 0.03505535055350553
