0 0.67529296875 0.2177121771217712 0.0419921875 0.07011070110701106
0 0.8125 0.3339483394833948 0.044921875 0.07380073800738007
0 0.7412109375 0.42343173431734316 0.044921875 0.07564575645756458
0 0.625 0.24538745387453875 0.04296875 0.07011070110701106
0 0.2822265625 0.6014760147601476 0.037109375 0.06273062730627306
0 0.19287109375 0.13468634686346864 0.0361328125 0.06273062730627306
0 0.91796875 0.11254612546125461 0.044921875 0.08118081180811808
0 0.5576171875 0.4833948339483395 0.037109375 0.06642066420664207
0 0.02490234375 0.8321033210332104 0.0341796875 0.05904059040590406
0 0.05712890625 0.8966789667896679 0.0478515625 0.08487084870848709
0 0.33349609375 0.9400369003690037 0.0478515625 0.07933579335793357
0 0.21435546875 0.5249077490774908 0.0419921875 0.07564575645756458
0 0.2919921875 0.3643911439114391 0.01953125 0.03136531365313653
0 0.291015625 0.4095940959409594 0.037109375 0.06273062730627306
0 0.6904296875 0.47509225092250923 0.048828125 0.09040590405904059
0 0.19873046875 0.41051660516605165 0.0185546875 0.03136531365313653
0 0.5 0.6928044280442804 0.029296875 0.04981549815498155
0 0.767578125 0.28505535055350556 0.046875 0.09040590405904059
0 0.21923828125 0.4677121771217712 0.0263671875 0.042435424354243544
0 0.01708984375 0.9714022140221402 0.0283203125 0.05350553505535055
0 0.28125 0.49169741697416974 0.0625 0.1088560885608856
0 0.30859375 0.6466789667896679 0.025390625 0.042435424354243544
0 0.27734375 0.07103321033210332 0.009765625 0.023985239852398525
