0 0.361328125 0.507380073800738 0.0390625 0.06642066420664207
0 0.46923828125 0.32656826568265684 0.0302734375 0.05904059040590406
0 0.46337890625 0.11808118081180811 0.0283203125 0.05166051660516605
0 0.384765625 0.735239852398524 0.037109375 0.06457564575645756
0 0.3291015625 0.44649446494464945 0.048828125 0.08487084870848709
0 0.52099609375 0.3311808118081181 0.0302734375 0.05719557195571956
0 0.67138671875 0.9381918819188192 0.0419921875 0.0940959409594096
0 0.18896484375 0.28413284132841327 0.0439453125 0.07011070110701106
0 0.10693359375 0.42343173431734316 0.0322265625 0.05350553505535055
0 0.0791015625 0.6439114391143912 0.0390625 0.06642066420664207
0 0.23876953125 0.07656826568265683 0.0205078125 0.027675276752767528
0 0.17578125 0.12453874538745388 0.005859375 0.012915129151291513
0 0.0986328125 0.11715867158671586 0.009765625 0.02029520295202952
0 0.98291015625 0.746309963099631 0.0126953125 0.023985239852398525
0 0.61767578125 0.4935424354243542 0.0029296875 0.02029520295202952
0 0.64697265625 0.5857933579335793 0.0146484375 0.02029520295202952
0 0.767578125 0.03228782287822878 0.068359375 0.06457564575645756
