0 0.4833984375 0.46586715867158673 0.041015625 0.06826568265682657
0 0.97705078125 0.48247232472324725 0.0400390625 0.06826568265682657
0 0.07470703125 0.4584870848708487 0.0400390625 0.06826568265682657
0 0.09326171875 0.3081180811808118 0.0224609375 0.04059040590405904
0 0.80615234375 0.5166051660516605 0.0439453125 0.0959409594095941
0 0.88232421875 0.11623616236162361 0.0263671875 0.04428044280442804
0 0.64453125 0.9658671586715867 0.029296875 0.046125461254612546
0 0.4365234375 0.16974169741697417 0.025390625 0.03690036900369004
0 0.85302734375 0.6180811808118081 0.0322265625 0.05166051660516605
0 0.42041015625 0.11715867158671586 0.0244140625 0.042435424354243544
0 0.423828125 0.12084870848708487 0.033203125 0.05350553505535055
0 0.86328125 0.6383763837638377 0.013671875 0.025830258302583026
0 0.82958984375 0.048892988929889296 0.0146484375 0.03505535055350553
0 0.7900390625 0.7333948339483395 0.009765625 0.03874538745387454
