0 0.11181640625 0.03505535055350553 0.0380859375 0.06273062730627306
0 0.494140625 0.5802583025830258 0.03515625 0.05719557195571956
0 0.97998046875 0.2011070110701107 0.0341796875 0.09225092250922509
0 0.50830078125 0.32287822878228783 0.0361328125 0.06273062730627306
0 0.67919921875 0.5931734317343174 0.0439453125 0.07564575645756458
0 0.548828125 0.8865313653136532 0.052734375 0.09778597785977859
0 0.36572265625 0.5719557195571956 0.0478515625 0.08856088560885608
0 0.3271484375 0.3671586715867159 0.03125 0.04428044280442804
0 0.39501953125 0.26014760147601473 0.0302734375 0.05166051660516605
0 0.01806640625 0.7130996309963099 0.0146484375 0.027675276752767528
0 0.03515625 0.5784132841328413 0.015625 0.03505535055350553
0 0.5400390625 0.0959409594095941 0.01171875 0.03690036900369004
0 0.57666015625 0.8247232472324724 0.0107421875 0.025830258302583026
