0 0.587890625 0.6134686346863468 0.033203125 0.07195571955719557
0 0.8984375 0.3726937269372694 0.041015625 0.06642066420664207
0 0.60546875 0.4252767527675277 0.0390625 0.06457564575645756
0 0.923828125 0.6337638376383764 0.037109375 0.06457564575645756
0 0.6171875 0.7158671586715867 0.0234375 0.03690036900369004
0 0.30615234375 0.5313653136531366 0.0517578125 0.09225092250922509
0 0.56396484375 0.5553505535055351 0.0498046875 0.08487084870848709
0 0.08447265625 0.559040590405904 0.0830078125 0.14391143911439114
0 0.91748046875 0.1752767527675277 0.0615234375 0.11808118081180811
0 0.478515625 0.5673431734317343 0.01953125 0.027675276752767528
0 0.66162109375 0.492619926199262 0.0537109375 0.1070110701107011
0 0.49951171875 0.9022140221402214 0.0205078125 0.04059040590405904
0 0.953125 0.6466789667896679 0.017578125 0.027675276752767528
0 0.54736328125 0.6577490774907749 0.0478515625 0.1014760147601476
0 0.59130859375 0.5627306273062731 0.0224609375 0.02952029520295203
