0 0.1181640625 0.9298892988929889 0.04296875 0.07380073800738007
0 0.533203125 0.3865313653136531 0.037109375 0.06088560885608856
0 0.32373046875 0.21494464944649447 0.0224609375 0.03874538745387454
0 0.31005859375 0.4981549815498155 0.0517578125 0.09225092250922509
0 0.38037109375 0.03044280442804428 0.0380859375 0.04981549815498155
0 0.50830078125 0.5719557195571956 0.0244140625 0.04059040590405904
0 0.32861328125 0.39391143911439114 0.0244140625 0.042435424354243544
0 0.7421875 0.04059040590405904 0.02734375 0.04797047970479705
0 0.1669921875 0.015682656826568265 0.04296875 0.03136531365313653
0 0.82958984375 0.3025830258302583 0.0673828125 0.11808118081180811
0 0.64404296875 0.9188191881918819 0.0185546875 0.033210332103321034
0 0.9619140625 0.6955719557195572 0.01171875 0.02214022140221402
0 0.9501953125 0.8053505535055351 0.017578125 0.042435424354243544
