0 0.693359375 0.507380073800738 0.0390625 0.07011070110701106
0 0.7626953125 0.8966789667896679 0.044921875 0.07011070110701106
0 0.1455078125 0.3892988929889299 0.044921875 0.07380073800738007
0 0.75439453125 0.5064575645756457 0.0322265625 0.05719557195571956
0 0.634765625 0.3118081180811808 0.0390625 0.06642066420664207
0 0.7880859375 0.9695571955719557 0.03515625 0.05350553505535055
0 0.59423828125 0.07749077490774908 0.0439453125 0.08118081180811808
0 0.77587890625 0.577490774907749 0.0185546875 0.02952029520295203
0 0.84228515625 0.42988929889298894 0.0224609375 0.02952029520295203
0 0.94091796875 0.7619926199261993 0.0205078125 0.04059040590405904
0 0.59521484375 0.07195571955719557 0.0537109375 0.12915129151291513
0 0.9453125 0.7232472324723247 0.01953125 0.03690036900369004
0 0.59423828125 0.3892988929889299 0.0595703125 0.12546125461254612
0 0.904296875 0.8228782287822878 0.0703125 0.12915129151291513
0 0.775390625 0.6254612546125461 0.02734375 0.04797047970479705
0 0.724609375 0.17988929889298894 0.029296875 0.05350553505535055
0 0.94189453125 0.7619926199261993 0.0361328125 0.055350553505535055
0 0.9658203125 0.5608856088560885 0.017578125 0.02952029520295203
0 0.83642578125 0.3025830258302583 0.0849609375 0.15129151291512916
0 0.5771484375 0.8293357933579336 0.015625 0.03874538745387454
0 0.57421875 0.8929889298892989 0.015625 0.04059040590405904
0 0.1796875 0.043357933579335796 0.08203125 0.08671586715867159
0 0.01708984375 0.27767527675276754 0.0341796875 0.15313653136531366
0 0.8232421875 0.42712177121771217 0.03125 0.06457564575645756
