0 0.90185546875 0.5738007380073801 0.0400390625 0.07380073800738007
0 0.22607421875 0.48154981549815495 0.0322265625 0.055350553505535055
0 0.7099609375 0.2370848708487085 0.044921875 0.07933579335793357
0 0.4296875 0.41420664206642066 0.046875 0.06826568265682657
0 0.94189453125 0.09225092250922509 0.0478515625 0.08856088560885608
0 0.32568359375 0.7666051660516605 0.0439453125 0.09040590405904059
0 0.73974609375 0.525830258302583 0.0185546875 0.02952029520295203
0 0.9013671875 0.03874538745387454 0.029296875 0.04797047970479705
0 0.36376953125 0.9003690036900369 0.0439453125 0.08487084870848709
0 0.30029296875 0.8459409594095941 0.0341796875 0.046125461254612546
0 0.31103515625 0.9261992619926199 0.0615234375 0.11439114391143912
0 0.4931640625 0.7020295202952029 0.076171875 0.1088560885608856
0 0.0595703125 0.5645756457564576 0.0859375 0.15129151291512916
0 0.0849609375 0.04151291512915129 0.015625 0.023985239852398525
0 0.55078125 0.03136531365313653 0.01953125 0.033210332103321034
0 0.43505859375 0.470479704797048 0.0361328125 0.04428044280442804
0 0.92041015625 0.540590405904059 0.0107421875 0.04059040590405904
0 0.50927734375 0.5857933579335793 0.0224609375 0.042435424354243544
0 0.48388671875 0.6365313653136532 0.0751953125 0.07011070110701106
0 0.7548828125 0.1522140221402214 0.0234375 0.042435424354243544
