0 0.76513671875 0.6642066420664207 0.0498046875 0.08487084870848709
0 0.15185546875 0.5202952029520295 0.0341796875 0.05904059040590406
0 0.68359375 0.8560885608856088 0.033203125 0.055350553505535055
0 0.80224609375 0.6208487084870848 0.0185546875 0.03505535055350553
0 0.77001953125 0.6208487084870848 0.0185546875 0.023985239852398525
0 0.7919921875 0.33210332103321033 0.021484375 0.02952029520295203
0 0.78564453125 0.33302583025830257 0.0185546875 0.03136531365313653
0 0.94677734375 0.6088560885608856 0.0126953125 0.02952029520295203
0 0.33837890625 0.5839483394833949 0.0166015625 0.02029520295202952
0 0.263671875 0.283210332103321 0.0078125 0.02029520295202952
