0 0.83740234375 0.14760147601476015 0.0478515625 0.08118081180811808
0 0.1669921875 0.8293357933579336 0.044921875 0.07195571955719557
0 0.0908203125 0.7666051660516605 0.048828125 0.08302583025830258
0 0.490234375 0.1014760147601476 0.037109375 0.06273062730627306
0 0.603515625 0.8911439114391144 0.04296875 0.07749077490774908
0 0.73291015625 0.3173431734317343 0.0517578125 0.09225092250922509
0 0.9150390625 0.22047970479704798 0.0234375 0.03874538745387454
0 0.64599609375 0.8394833948339483 0.0556640625 0.1033210332103321
0 0.62353515625 0.4077490774907749 0.0283203125 0.04797047970479705
0 0.98388671875 0.9649446494464945 0.0263671875 0.055350553505535055
0 0.31298828125 0.6669741697416974 0.0341796875 0.05719557195571956
0 0.47021484375 0.4151291512915129 0.0322265625 0.05166051660516605
0 0.16162109375 0.5470479704797048 0.0263671875 0.046125461254612546
0 0.587890625 0.36808118081180813 0.06640625 0.11992619926199262
0 0.22412109375 0.6125461254612546 0.0146484375 0.02952029520295203
0 0.4287109375 0.6411439114391144 0.072265625 0.12730627306273062
0 0.69580078125 0.6946494464944649 0.0263671875 0.042435424354243544
0 0.43505859375 0.5747232472324724 0.0478515625 0.06457564575645756
0 0.36279296875 0.665129151291513 0.0537109375 0.09778597785977859
0 0.947265625 0.6549815498154982 0.029296875 0.06642066420664207
0 0.763671875 0.36531365313653136 0.056640625 0.1033210332103321
