0 0.83203125 0.23062730627306274 0.05078125 0.08856088560885608
0 0.1376953125 0.6918819188191881 0.03125 0.055350553505535055
0 0.62451171875 0.6365313653136532 0.0400390625 0.07011070110701106
0 0.16650390625 0.757380073800738 0.0224609375 0.03505535055350553
0 0.6279296875 0.466789667896679 0.017578125 0.02952029520295203
0 0.052734375 0.3607011070110701 0.07421875 0.12730627306273062
0 0.52685546875 0.6448339483394834 0.0419921875 0.07564575645756458
0 0.765625 0.496309963099631 0.021484375 0.03690036900369004
0 0.41943359375 0.566420664206642 0.0263671875 0.05166051660516605
0 0.26708984375 0.1033210332103321 0.0556640625 0.1033210332103321
0 0.9853515625 0.14944649446494465 0.02734375 0.08118081180811808
0 0.599609375 0.974169741697417 0.052734375 0.04797047970479705
0 0.39306640625 0.8680811808118081 0.0498046875 0.09040590405904059
0 0.17578125 0.22324723247232472 0.07421875 0.13284132841328414
0 0.52490234375 0.5654981549815498 0.0205078125 0.03874538745387454
0 0.56884765625 0.5304428044280443 0.0986328125 0.15682656826568267
0 0.06103515625 0.8127306273062731 0.0107421875 0.016605166051660517
0 0.03271484375 0.9308118081180812 0.0458984375 0.08302583025830258
0 0.4892578125 0.5691881918819188 0.05859375 0.1088560885608856
0 0.7646484375 0.14575645756457564 0.0625 0.12546125461254612
0 0.1591796875 0.6217712177121771 0.01171875 0.025830258302583026
0 0.04736328125 0.9584870848708487 0.0693359375 0.07933579335793357
0 0.72021484375 0.757380073800738 0.0107421875 0.027675276752767528
