0 0.62744140625 0.09132841328413284 0.0341796875 0.05719557195571956
0 0.7265625 0.8440959409594095 0.046875 0.07933579335793357
0 0.30712890625 0.5922509225092251 0.0458984375 0.08487084870848709
0 0.7421875 0.17158671586715868 0.03515625 0.055350553505535055
0 0.24560546875 0.31365313653136534 0.0322265625 0.055350553505535055
0 0.33642578125 0.6531365313653137 0.0361328125 0.05904059040590406
0 0.166015625 0.6346863468634686 0.025390625 0.04428044280442804
0 0.89697265625 0.727859778597786 0.0498046875 0.08671586715867159
0 0.42626953125 0.8754612546125461 0.0244140625 0.042435424354243544
0 0.87109375 0.283210332103321 0.033203125 0.05719557195571956
0 0.12255859375 0.3671586715867159 0.0283203125 0.05166051660516605
0 0.56298828125 0.7702952029520295 0.0556640625 0.1088560885608856
0 0.34130859375 0.5636531365313653 0.0244140625 0.03874538745387454
0 0.76123046875 0.21125461254612546 0.0146484375 0.03136531365313653
0 0.36767578125 0.5940959409594095 0.0244140625 0.04428044280442804
0 0.1103515625 0.3533210332103321 0.01171875 0.027675276752767528
0 0.42236328125 0.977859778597786 0.0224609375 0.04059040590405904
0 0.60693359375 0.09317343173431734 0.0361328125 0.0940959409594096
0 0.08447265625 0.20940959409594095 0.0107421875 0.023985239852398525
