0 0.6083984375 0.6457564575645757 0.041015625 0.07380073800738007
0 0.5673828125 0.8883763837638377 0.037109375 0.06088560885608856
0 0.73486328125 0.5175276752767528 0.0478515625 0.08302583025830258
0 0.72607421875 0.33025830258302585 0.0302734375 0.05166051660516605
0 0.734375 0.9068265682656826 0.033203125 0.06088560885608856
0 0.9306640625 0.4732472324723247 0.0234375 0.03874538745387454
0 0.744140625 0.6383763837638377 0.029296875 0.05166051660516605
0 0.4140625 0.8431734317343174 0.05078125 0.09225092250922509
0 0.9853515625 0.2047970479704797 0.013671875 0.025830258302583026
0 0.12548828125 0.45940959409594095 0.0224609375 0.03690036900369004
0 0.7236328125 0.8948339483394834 0.037109375 0.06273062730627306
0 0.66455078125 0.6217712177121771 0.0771484375 0.13284132841328414
0 0.73095703125 0.3966789667896679 0.0166015625 0.025830258302583026
0 0.1865234375 0.20571955719557194 0.009765625 0.016605166051660517
0 0.44287109375 0.2481549815498155 0.0087890625 0.02029520295202952
