0 0.5390625 0.6014760147601476 0.041015625 0.07011070110701106
0 0.86328125 0.6485239852398524 0.03515625 0.06826568265682657
0 0.91259765625 0.488929889298893 0.0400390625 0.06642066420664207
0 0.63720703125 0.6457564575645757 0.0341796875 0.05904059040590406
0 0.45361328125 0.6743542435424354 0.0478515625 0.08302583025830258
0 0.38330078125 0.3191881918819188 0.0439453125 0.08118081180811808
0 0.115234375 0.8957564575645757 0.037109375 0.06826568265682657
0 0.92138671875 0.8939114391143912 0.0458984375 0.08302583025830258
0 0.89990234375 0.058118081180811805 0.0341796875 0.05719557195571956
0 0.4560546875 0.30350553505535055 0.041015625 0.07195571955719557
0 0.044921875 0.8376383763837638 0.017578125 0.033210332103321034
0 0.96875 0.4437269372693727 0.0390625 0.06457564575645756
0 0.17578125 0.23800738007380073 0.02734375 0.04797047970479705
0 0.75439453125 0.30904059040590404 0.0263671875 0.046125461254612546
0 0.01171875 0.4833948339483395 0.021484375 0.05166051660516605
0 0.17626953125 0.8874538745387454 0.0810546875 0.17712177121771217
0 0.2998046875 0.3994464944649446 0.025390625 0.03874538745387454
0 0.9892578125 0.757380073800738 0.01953125 0.0940959409594096
0 0.01220703125 0.2859778597785978 0.0244140625 0.09225092250922509
