0 0.66845703125 0.9686346863468634 0.0361328125 0.055350553505535055
0 0.4658203125 0.9511070110701108 0.04296875 0.07564575645756458
0 0.4013671875 0.5415129151291513 0.033203125 0.05719557195571956
0 0.033203125 0.4040590405904059 0.05078125 0.09225092250922509
0 0.1318359375 0.5285977859778598 0.03125 0.05350553505535055
0 0.16943359375 0.12546125461254612 0.0263671875 0.05166051660516605
0 0.5234375 0.5977859778597786 0.025390625 0.04428044280442804
0 0.12451171875 0.18542435424354242 0.0810546875 0.14206642066420663
0 0.1240234375 0.279520295202952 0.029296875 0.03874538745387454
0 0.33984375 0.6079335793357934 0.05078125 0.09040590405904059
0 0.09228515625 0.6678966789667896 0.0224609375 0.04059040590405904
0 0.34033203125 0.6199261992619927 0.0673828125 0.12546125461254612
0 0.62744140625 0.6503690036900369 0.0185546875 0.03136531365313653
0 0.60107421875 0.7952029520295203 0.0185546875 0.04428044280442804
0 0.77001953125 0.1448339483394834 0.0673828125 0.13099630996309963
