0 0.5634765625 0.5350553505535055 0.041015625 0.07011070110701106
0 0.72509765625 0.4446494464944649 0.0185546875 0.033210332103321034
0 0.08740234375 0.17250922509225092 0.0322265625 0.05719557195571956
0 0.30029296875 0.09686346863468635 0.0224609375 0.042435424354243544
0 0.7392578125 0.23247232472324722 0.017578125 0.02952029520295203
0 0.45654296875 0.13560885608856088 0.0185546875 0.03136531365313653
0 0.65478515625 0.09317343173431734 0.0478515625 0.09040590405904059
0 0.341796875 0.2988929889298893 0.056640625 0.1033210332103321
0 0.177734375 0.01845018450184502 0.029296875 0.03690036900369004
0 0.96728515625 0.39206642066420666 0.0595703125 0.11254612546125461
0 0.68603515625 0.6374538745387454 0.0341796875 0.05350553505535055
0 0.76025390625 0.7970479704797048 0.0166015625 0.02952029520295203
0 0.34765625 0.6245387453874539 0.009765625 0.02029520295202952
0 0.98291015625 0.4603321033210332 0.0126953125 0.02029520295202952
0 0.9921875 0.43726937269372695 0.0078125 0.04428044280442804
0 0.42626953125 0.9455719557195572 0.0810546875 0.10516605166051661
