0 0.1083984375 0.4151291512915129 0.0390625 0.06642066420664207
0 0.8720703125 0.13099630996309963 0.03515625 0.06273062730627306
0 0.80810546875 0.9455719557195572 0.0322265625 0.05719557195571956
0 0.43115234375 0.6928044280442804 0.0302734375 0.04981549815498155
0 0.2060546875 0.045202952029520294 0.0546875 0.09040590405904059
0 0.171875 0.4455719557195572 0.056640625 0.11992619926199262
0 0.9248046875 0.2730627306273063 0.02734375 0.04797047970479705
0 0.93994140625 0.42988929889298894 0.0263671875 0.04428044280442804
0 0.41796875 0.3699261992619926 0.04296875 0.06826568265682657
0 0.4287109375 0.6448339483394834 0.03515625 0.05719557195571956
0 0.4287109375 0.6429889298892989 0.02734375 0.042435424354243544
0 0.0166015625 0.26199261992619927 0.033203125 0.1033210332103321
0 0.02197265625 0.7804428044280443 0.0224609375 0.03690036900369004
0 0.1279296875 0.8053505535055351 0.021484375 0.03505535055350553
0 0.13037109375 0.9114391143911439 0.0087890625 0.01107011070110701
0 0.32421875 0.5553505535055351 0.021484375 0.04428044280442804
0 0.28173828125 0.9797047970479705 0.0146484375 0.02952029520295203
0 0.7509765625 0.9658671586715867 0.009765625 0.023985239852398525
0 0.89404296875 0.5064575645756457 0.0185546875 0.042435424354243544
0 0.3564453125 0.023985239852398525 0.021484375 0.04428044280442804
