0 0.784375 0.6847222222222222 0.05625 0.06388888888888888
0 0.8072916666666666 0.7277777777777777 0.05416666666666667 0.06388888888888888
0 0.090625 0.8375 0.04375 0.07222222222222222
0 0.3927083333333333 0.14722222222222223 0.041666666666666664 0.06388888888888888
0 0.46041666666666664 0.1388888888888889 0.04375 0.075
0 0.428125 0.4013888888888889 0.0375 0.03611111111111111
0 0.19166666666666668 0.33611111111111114 0.0375 0.058333333333333334
0 0.5322916666666667 0.3625 0.04791666666666667 0.07222222222222222
0 0.45625 0.6680555555555555 0.03958333333333333 0.06388888888888888
0 0.7354166666666667 0.08194444444444444 0.05416666666666667 0.07777777777777778
0 0.24583333333333332 0.1375 0.029166666666666667 0.03888888888888889
0 0.853125 0.02638888888888889 0.04583333333333333 0.06944444444444445
0 0.5885416666666666 0.6291666666666667 0.027083333333333334 0.041666666666666664
0 0.7322916666666667 0.39861111111111114 0.03958333333333333 0.058333333333333334
0 0.8645833333333334 0.41388888888888886 0.06041666666666667 0.07777777777777778
0 0.03333333333333333 0.9777777777777777 0.041666666666666664 0.041666666666666664
0 0.46770833333333334 0.9347222222222222 0.05416666666666667 0.044444444444444446
0 0.465625 0.9736111111111111 0.07916666666666666 0.05
0 0.40625 0.9680555555555556 0.03125 0.044444444444444446
0 0.5385416666666667 0.9597222222222223 0.07708333333333334 0.07777777777777778
0 0.9791666666666666 0.7736111111111111 0.03958333333333333 0.08888888888888889
0 0.75 0.5305555555555556 0.041666666666666664 0.05
0 0.7364583333333333 0.5763888888888888 0.035416666666666666 0.04722222222222222
0 0.7666666666666667 0.5625 0.03125 0.03611111111111111
0 0.5802083333333333 0.5486111111111112 0.03125 0.058333333333333334
0 0.859375 0.5416666666666666 0.029166666666666667 0.06666666666666667
0 0.7135416666666666 0.9097222222222222 0.03958333333333333 0.027777777777777776
0 0.3375 0.27361111111111114 0.03125 0.044444444444444446
0 0.184375 0.5291666666666667 0.03958333333333333 0.041666666666666664
