0 0.7416666666666667 0.5638888888888889 0.11666666666666667 0.15
0 0.3072916666666667 0.0763888888888889 0.07083333333333333 0.09444444444444444
0 0.9083333333333333 0.4236111111111111 0.05625 0.05277777777777778
0 0.9385416666666667 0.4597222222222222 0.07083333333333333 0.06388888888888888
0 0.41041666666666665 0.8458333333333333 0.04375 0.06111111111111111
0 0.04583333333333333 0.8013888888888889 0.029166666666666667 0.05
0 0.603125 0.23472222222222222 0.07291666666666667 0.07777777777777778
0 0.578125 0.18333333333333332 0.06041666666666667 0.04722222222222222
0 0.296875 0.39861111111111114 0.0375 0.030555555555555555
0 0.2947916666666667 0.43194444444444446 0.029166666666666667 0.05277777777777778
0 0.17395833333333333 0.37777777777777777 0.04375 0.05
0 0.15833333333333333 0.20555555555555555 0.0375 0.04722222222222222
0 0.39791666666666664 0.7569444444444444 0.04791666666666667 0.06666666666666667
0 0.65625 0.7902777777777777 0.041666666666666664 0.06111111111111111
0 0.75 0.8791666666666667 0.03333333333333333 0.06666666666666667
0 0.7875 0.8930555555555556 0.04375 0.07222222222222222
0 0.8739583333333333 0.8736111111111111 0.025 0.03888888888888889
0 0.014583333333333334 0.5402777777777777 0.029166666666666667 0.04722222222222222
0 0.036458333333333336 0.5833333333333334 0.04791666666666667 0.03888888888888889
0 0.090625 0.4083333333333333 0.04375 0.05
0 0.38125 0.35138888888888886 0.04791666666666667 0.05555555555555555
0 0.8947916666666667 0.16527777777777777 0.041666666666666664 0.05555555555555555
0 0.69375 0.19166666666666668 0.0375 0.04722222222222222
0 0.8677083333333333 0.04027777777777778 0.041666666666666664 0.05555555555555555
0 0.6302083333333334 0.5625 0.03958333333333333 0.05277777777777778
0 0.014583333333333334 0.2111111111111111 0.025 0.058333333333333334
