0 0.30625 0.9916666666666667 0.08541666666666667 0.1
0 0.8916666666666667 0.3333333333333333 0.07291666666666667 0.09444444444444444
0 0.9416666666666667 0.4125 0.06041666666666667 0.05555555555555555
0 0.9645833333333333 0.3527777777777778 0.05625 0.10555555555555556
0 0.09791666666666667 0.2361111111111111 0.05 0.07222222222222222
0 0.1875 0.3277777777777778 0.075 0.07777777777777778
0 0.5895833333333333 0.05694444444444444 0.06666666666666667 0.06388888888888888
0 0.40625 0.38333333333333336 0.05625 0.08611111111111111
0 0.9770833333333333 0.7263888888888889 0.05625 0.06944444444444445
0 0.42083333333333334 0.7722222222222223 0.04791666666666667 0.06666666666666667
0 0.11041666666666666 0.8597222222222223 0.05 0.05277777777777778
0 0.06979166666666667 0.8680555555555556 0.027083333333333334 0.05277777777777778
0 0.134375 0.9013888888888889 0.027083333333333334 0.019444444444444445
0 0.25833333333333336 0.4652777777777778 0.03333333333333333 0.07222222222222222
0 0.01875 0.6819444444444445 0.03333333333333333 0.06666666666666667
0 0.440625 0.41944444444444445 0.06666666666666667 0.08611111111111111
0 0.27291666666666664 0.30277777777777776 0.058333333333333334 0.07777777777777778
0 0.28958333333333336 0.4375 0.022916666666666665 0.06111111111111111
0 0.21770833333333334 0.4736111111111111 0.03958333333333333 0.07777777777777778
0 0.43125 0.8861111111111111 0.035416666666666666 0.03888888888888889
0 0.434375 0.9319444444444445 0.041666666666666664 0.075
0 0.8958333333333334 0.6097222222222223 0.04791666666666667 0.07222222222222222
0 0.759375 0.7166666666666667 0.06458333333333334 0.07222222222222222
0 0.7645833333333333 0.6388888888888888 0.058333333333333334 0.075
0 0.4322916666666667 0.075 0.03333333333333333 0.044444444444444446
0 0.278125 0.05138888888888889 0.025 0.041666666666666664
0 0.6385416666666667 0.5263888888888889 0.03125 0.044444444444444446
0 0.33645833333333336 0.33055555555555555 0.05 0.05555555555555555
0 0.28125 0.35555555555555557 0.03958333333333333 0.041666666666666664
0 0.4552083333333333 0.19305555555555556 0.03333333333333333 0.03611111111111111
0 0.5708333333333333 0.2986111111111111 0.025 0.03611111111111111
0 0.5041666666666667 0.3611111111111111 0.01875 0.03611111111111111
0 0.5989583333333334 0.3861111111111111 0.05625 0.05277777777777778
0 0.041666666666666664 0.6388888888888888 0.041666666666666664 0.06388888888888888
0 0.5885416666666666 0.5097222222222222 0.04791666666666667 0.06111111111111111
0 0.615625 0.11388888888888889 0.027083333333333334 0.03888888888888889
0 0.9885416666666667 0.6375 0.03333333333333333 0.044444444444444446
0 0.9760416666666667 0.6027777777777777 0.041666666666666664 0.041666666666666664
0 0.9270833333333334 0.5388888888888889 0.03958333333333333 0.041666666666666664
0 0.28958333333333336 0.6069444444444444 0.035416666666666666 0.044444444444444446
0 0.11458333333333333 0.9902777777777778 0.041666666666666664 0.03611111111111111
0 0.8395833333333333 0.28055555555555556 0.03125 0.03888888888888889
0 0.975 0.9513888888888888 0.04791666666666667 0.075
0 0.971875 0.2861111111111111 0.05416666666666667 0.07777777777777778
0 0.49166666666666664 0.027777777777777776 0.08125 0.05
0 0.7302083333333333 0.3638888888888889 0.04375 0.030555555555555555
0 0.19583333333333333 0.18333333333333332 0.058333333333333334 0.06666666666666667
0 0.14375 0.09166666666666666 0.05 0.05
