0 0.6895833333333333 0.14027777777777778 0.058333333333333334 0.06944444444444445
0 0.030208333333333334 0.6402777777777777 0.06666666666666667 0.10555555555555556
0 0.18333333333333332 0.6666666666666666 0.075 0.09722222222222222
0 0.17916666666666667 0.6 0.05 0.06944444444444445
0 0.6572916666666667 0.6958333333333333 0.04791666666666667 0.07777777777777778
0 0.6989583333333333 0.3611111111111111 0.035416666666666666 0.05277777777777778
0 0.778125 0.34305555555555556 0.05416666666666667 0.06944444444444445
0 0.790625 0.29444444444444445 0.06666666666666667 0.05555555555555555
0 0.6239583333333333 0.8680555555555556 0.03958333333333333 0.075
0 0.4583333333333333 0.8805555555555555 0.022916666666666665 0.03888888888888889
0 0.371875 0.42083333333333334 0.05 0.07777777777777778
0 0.678125 0.9083333333333333 0.03125 0.027777777777777776
0 0.6010416666666667 0.9902777777777778 0.052083333333333336 0.05277777777777778
0 0.534375 0.5069444444444444 0.022916666666666665 0.06666666666666667
0 0.93125 0.5152777777777777 0.08125 0.08888888888888889
0 0.030208333333333334 0.5583333333333333 0.04375 0.08055555555555556
0 0.09375 0.6 0.04583333333333333 0.06388888888888888
0 0.29270833333333335 0.5541666666666667 0.025 0.03333333333333333
0 0.34375 0.2263888888888889 0.035416666666666666 0.05277777777777778
0 0.9291666666666667 0.18333333333333332 0.04375 0.06111111111111111
0 0.026041666666666668 0.8486111111111111 0.052083333333333336 0.06388888888888888
0 0.14791666666666667 0.24027777777777778 0.029166666666666667 0.05277777777777778
0 0.25625 0.6166666666666667 0.016666666666666666 0.030555555555555555
0 0.6 0.15138888888888888 0.0375 0.06388888888888888
0 0.7 0.2 0.058333333333333334 0.06111111111111111
0 0.5729166666666666 0.20555555555555555 0.05 0.07222222222222222
0 0.171875 0.12222222222222222 0.01875 0.027777777777777776
0 0.7708333333333334 0.20416666666666666 0.0625 0.075
0 0.815625 0.19305555555555556 0.05416666666666667 0.09722222222222222
0 0.7010416666666667 0.5194444444444445 0.027083333333333334 0.04722222222222222
0 0.721875 0.5361111111111111 0.022916666666666665 0.019444444444444445
0 0.8729166666666667 0.3958333333333333 0.03125 0.03888888888888889
0 0.9864583333333333 0.5888888888888889 0.020833333333333332 0.058333333333333334
0 0.9416666666666667 0.3958333333333333 0.04375 0.044444444444444446
0 0.8333333333333334 0.7208333333333333 0.022916666666666665 0.058333333333333334
0 0.80625 0.9097222222222222 0.03125 0.06388888888888888
0 0.09791666666666667 0.12638888888888888 0.016666666666666666 0.03611111111111111
0 0.175 0.25972222222222224 0.03333333333333333 0.041666666666666664
0 0.003125 0.19305555555555556 0.020833333333333332 0.03611111111111111
0 0.010416666666666666 0.21666666666666667 0.035416666666666666 0.03888888888888889
0 0.7416666666666667 0.14305555555555555 0.029166666666666667 0.06944444444444445
0 0.740625 0.09305555555555556 0.03125 0.041666666666666664
0 0.8072916666666666 0.09722222222222222 0.0125 0.03888888888888889
0 0.7854166666666667 0.10138888888888889 0.022916666666666665 0.041666666666666664
0 0.775 0.04583333333333333 0.03125 0.03611111111111111
0 0.7614583333333333 0.09305555555555556 0.035416666666666666 0.06388888888888888
0 0.221875 0.3013888888888889 0.014583333333333334 0.019444444444444445
0 0.31354166666666666 0.7611111111111111 0.10833333333333334 0.1
0 0.2552083333333333 0.7527777777777778 0.04375 0.05
0 0.23020833333333332 0.23472222222222222 0.04375 0.058333333333333334
0 0.9666666666666667 0.9430555555555555 0.027083333333333334 0.05277777777777778
0 0.9416666666666667 0.5652777777777778 0.03125 0.03888888888888889
0 0.9822916666666667 0.2986111111111111 0.03333333333333333 0.15833333333333333
0 0.8520833333333333 0.7277777777777777 0.014583333333333334 0.03333333333333333
