0 0.0234375 0.7784722222222222 0.036458333333333336 0.0625
0 0.17395833333333333 0.8875 0.06458333333333334 0.06111111111111111
0 0.29583333333333334 0.8180555555555555 0.05625 0.06111111111111111
0 0.6947916666666667 0.8722222222222222 0.07291666666666667 0.09722222222222222
0 0.271875 0.19305555555555556 0.03333333333333333 0.03888888888888889
0 0.3697916666666667 0.3347222222222222 0.05 0.03888888888888889
0 0.06770833333333333 0.5583333333333333 0.035416666666666666 0.05555555555555555
0 0.2635416666666667 0.4708333333333333 0.03125 0.04722222222222222
0 0.5645833333333333 0.4027777777777778 0.0375 0.05555555555555555
0 0.5854166666666667 0.475 0.0375 0.044444444444444446
0 0.5614583333333333 0.6111111111111112 0.03125 0.05555555555555555
0 0.584375 0.6861111111111111 0.03958333333333333 0.06111111111111111
0 0.31979166666666664 0.4027777777777778 0.04583333333333333 0.06111111111111111
0 0.321875 0.5361111111111111 0.025 0.03888888888888889
0 0.3885416666666667 0.5486111111111112 0.029166666666666667 0.041666666666666664
0 0.3927083333333333 0.5833333333333334 0.04583333333333333 0.03333333333333333
0 0.965625 0.37777777777777777 0.0375 0.06111111111111111
0 0.9427083333333334 0.4041666666666667 0.04583333333333333 0.04722222222222222
0 0.9166666666666666 0.32916666666666666 0.04375 0.05555555555555555
0 0.7395833333333334 0.25555555555555554 0.04583333333333333 0.04722222222222222
0 0.728125 0.22361111111111112 0.03125 0.044444444444444446
0 0.6875 0.21388888888888888 0.03333333333333333 0.06388888888888888
0 0.5833333333333334 0.14166666666666666 0.025 0.03611111111111111
0 0.4125 0.22083333333333333 0.04791666666666667 0.05555555555555555
0 0.8385416666666666 0.4263888888888889 0.025 0.058333333333333334
0 0.9479166666666666 0.5125 0.03958333333333333 0.05277777777777778
0 0.9239583333333333 0.6111111111111112 0.016666666666666666 0.05
0 0.96875 0.8416666666666667 0.03958333333333333 0.03611111111111111
0 0.8958333333333334 0.7277777777777777 0.03958333333333333 0.06388888888888888
0 0.5697916666666667 0.5180555555555556 0.03125 0.041666666666666664
0 0.3927083333333333 0.04722222222222222 0.04583333333333333 0.06944444444444445
0 0.9916666666666667 0.9083333333333333 0.052083333333333336 0.06388888888888888
0 0.9864583333333333 0.9708333333333333 0.05416666666666667 0.027777777777777776
0 0.015625 0.6888888888888889 0.03125 0.030555555555555555
0 0.25833333333333336 0.7583333333333333 0.029166666666666667 0.04722222222222222
0 0.27708333333333335 0.7513888888888889 0.014583333333333334 0.03333333333333333
0 0.3020833333333333 0.6611111111111111 0.022916666666666665 0.05
0 0.8833333333333333 0.6 0.03125 0.027777777777777776
0 0.11458333333333333 0.5611111111111111 0.041666666666666664 0.06111111111111111
0 0.815625 0.8416666666666667 0.020833333333333332 0.030555555555555555
0 0.7520833333333333 0.4861111111111111 0.041666666666666664 0.044444444444444446
0 0.5479166666666667 0.9805555555555555 0.03333333333333333 0.030555555555555555
0 0.4895833333333333 0.8847222222222222 0.027083333333333334 0.03888888888888889
0 0.49583333333333335 0.9222222222222223 0.014583333333333334 0.03611111111111111
0 0.328125 0.2986111111111111 0.041666666666666664 0.044444444444444446
0 0.7677083333333333 0.3333333333333333 0.04375 0.05277777777777778
0 0.04791666666666667 0.17083333333333334 0.0625 0.03333333333333333
0 0.096875 0.25277777777777777 0.027083333333333334 0.025
0 0.1875 0.30694444444444446 0.04583333333333333 0.044444444444444446
0 0.13333333333333333 0.6152777777777778 0.041666666666666664 0.041666666666666664
0 0.453125 0.7166666666666667 0.0625 0.058333333333333334
0 0.6489583333333333 0.17916666666666667 0.027083333333333334 0.03888888888888889
0 0.5114583333333333 0.1375 0.0375 0.03888888888888889
0 0.49166666666666664 0.16111111111111112 0.03958333333333333 0.025
0 0.46145833333333336 0.9527777777777777 0.03333333333333333 0.03611111111111111
