0 0.8671875 0.6201388888888889 0.08020833333333334 0.12083333333333333
0 0.915625 0.11388888888888889 0.07916666666666666 0.10555555555555556
0 0.16458333333333333 0.9111111111111111 0.07916666666666666 0.08888888888888889
0 0.334375 0.7902777777777777 0.04583333333333333 0.06388888888888888
0 0.2760416666666667 0.5847222222222223 0.025 0.03888888888888889
0 0.3802083333333333 0.24583333333333332 0.0625 0.058333333333333334
0 0.5052083333333334 0.2763888888888889 0.04583333333333333 0.08055555555555556
0 0.5302083333333333 0.6722222222222223 0.04791666666666667 0.08611111111111111
0 0.6864583333333333 0.8291666666666667 0.03958333333333333 0.058333333333333334
0 0.7145833333333333 0.7930555555555555 0.04583333333333333 0.06944444444444445
0 0.21666666666666667 0.6736111111111112 0.0375 0.044444444444444446
0 0.16145833333333334 0.6861111111111111 0.027083333333333334 0.03333333333333333
0 0.609375 0.4888888888888889 0.027083333333333334 0.041666666666666664
0 0.915625 0.3458333333333333 0.025 0.06944444444444445
0 0.4510416666666667 0.09861111111111111 0.03333333333333333 0.04722222222222222
0 0.18229166666666666 0.058333333333333334 0.052083333333333336 0.05555555555555555
0 0.11041666666666666 0.030555555555555555 0.03333333333333333 0.05
0 0.9229166666666667 0.55 0.06458333333333334 0.09166666666666666
0 0.5291666666666667 0.8222222222222222 0.0375 0.03888888888888889
0 0.24270833333333333 0.4236111111111111 0.027083333333333334 0.06111111111111111
0 0.79375 0.5847222222222223 0.03125 0.07222222222222222
0 0.9229166666666667 0.8319444444444445 0.10208333333333333 0.09166666666666666
0 0.9645833333333333 0.7972222222222223 0.035416666666666666 0.044444444444444446
0 0.3625 0.5625 0.035416666666666666 0.03888888888888889
0 0.390625 0.6180555555555556 0.041666666666666664 0.022222222222222223
0 0.375 0.5958333333333333 0.027083333333333334 0.027777777777777776
0 0.013541666666666667 0.8861111111111111 0.027083333333333334 0.03333333333333333
0 0.2625 0.6041666666666666 0.022916666666666665 0.044444444444444446
0 0.9677083333333333 0.04861111111111111 0.041666666666666664 0.05277777777777778
0 0.675 0.8763888888888889 0.041666666666666664 0.06388888888888888
0 0.9677083333333333 0.4583333333333333 0.03333333333333333 0.030555555555555555
0 0.20208333333333334 0.5819444444444445 0.05416666666666667 0.05555555555555555
0 0.6322916666666667 0.24305555555555555 0.04375 0.04722222222222222
