0 0.21458333333333332 0.5513888888888889 0.04583333333333333 0.08055555555555556
0 0.13125 0.5444444444444444 0.05416666666666667 0.07777777777777778
0 0.38645833333333335 0.65 0.058333333333333334 0.05555555555555555
0 0.27395833333333336 0.6736111111111112 0.0375 0.05277777777777778
0 0.159375 0.3597222222222222 0.03125 0.05555555555555555
0 0.73125 0.3277777777777778 0.0625 0.075
0 0.871875 0.09861111111111111 0.05 0.1
0 0.5864583333333333 0.5375 0.06458333333333334 0.09166666666666666
0 0.5395833333333333 0.5083333333333333 0.0375 0.05555555555555555
0 0.575 0.85 0.05 0.10277777777777777
0 0.9385416666666667 0.8152777777777778 0.0625 0.08888888888888889
0 0.9114583333333334 0.5444444444444444 0.03333333333333333 0.044444444444444446
0 0.7864583333333334 0.6097222222222223 0.041666666666666664 0.06944444444444445
0 0.4666666666666667 0.06944444444444445 0.035416666666666666 0.041666666666666664
0 0.28854166666666664 0.19166666666666668 0.041666666666666664 0.075
0 0.9833333333333333 0.5444444444444444 0.022916666666666665 0.05
0 0.8895833333333333 0.9694444444444444 0.08125 0.058333333333333334
0 0.7635416666666667 0.8722222222222222 0.025 0.041666666666666664
0 0.32916666666666666 0.49444444444444446 0.03125 0.07777777777777778
0 0.6708333333333333 0.39305555555555555 0.03333333333333333 0.04722222222222222
0 0.709375 0.475 0.05625 0.06666666666666667
0 0.8375 0.28194444444444444 0.03125 0.044444444444444446
0 0.8041666666666667 0.06527777777777778 0.03958333333333333 0.07777777777777778
0 0.840625 0.043055555555555555 0.058333333333333334 0.09166666666666666
0 0.7625 0.09444444444444444 0.041666666666666664 0.08611111111111111
0 0.8322916666666667 0.6680555555555555 0.03333333333333333 0.08055555555555556
0 0.5979166666666667 0.9736111111111111 0.058333333333333334 0.05
0 0.440625 0.19305555555555556 0.05 0.06111111111111111
