0 0.7927083333333333 0.6027777777777777 0.08958333333333333 0.09166666666666666
0 0.8166666666666667 0.6736111111111112 0.05625 0.05
0 0.771875 0.8805555555555555 0.04791666666666667 0.07777777777777778
0 0.63125 0.7222222222222222 0.06666666666666667 0.07222222222222222
0 0.559375 0.6847222222222222 0.03958333333333333 0.07777777777777778
0 0.5197916666666667 0.6888888888888889 0.035416666666666666 0.058333333333333334
0 0.20208333333333334 0.44027777777777777 0.03333333333333333 0.07777777777777778
0 0.16770833333333332 0.45555555555555555 0.03958333333333333 0.08055555555555556
0 0.7854166666666667 0.041666666666666664 0.027083333333333334 0.03888888888888889
0 0.375 0.04027777777777778 0.06041666666666667 0.06944444444444445
0 0.8927083333333333 0.3861111111111111 0.04583333333333333 0.06388888888888888
0 0.59375 0.9208333333333333 0.0375 0.06388888888888888
0 0.5052083333333334 0.41944444444444445 0.0625 0.05277777777777778
0 0.23958333333333334 0.4166666666666667 0.03333333333333333 0.058333333333333334
0 0.9552083333333333 0.3347222222222222 0.029166666666666667 0.03611111111111111
0 0.5927083333333333 0.6458333333333334 0.03125 0.044444444444444446
0 0.8479166666666667 0.9430555555555555 0.027083333333333334 0.04722222222222222
0 0.7010416666666667 0.029166666666666667 0.09375 0.058333333333333334
0 0.9885416666666667 0.23055555555555557 0.041666666666666664 0.07222222222222222
0 0.2833333333333333 0.6736111111111112 0.06458333333333334 0.05555555555555555
