0 0.928125 0.12291666666666666 0.08125 0.12361111111111112
0 0.26145833333333335 0.33194444444444443 0.075 0.11666666666666667
0 0.25 0.8305555555555556 0.06666666666666667 0.1
0 0.23541666666666666 0.5972222222222222 0.05416666666666667 0.08055555555555556
0 0.004166666666666667 0.9 0.08541666666666667 0.12222222222222222
0 0.459375 0.875 0.07083333333333333 0.1
0 0.8270833333333333 0.8291666666666667 0.06875 0.06944444444444445
0 0.44895833333333335 0.9611111111111111 0.029166666666666667 0.05555555555555555
0 0.4114583333333333 0.9388888888888889 0.05416666666666667 0.08333333333333333
0 0.040625 0.7916666666666666 0.052083333333333336 0.07777777777777778
0 0.325 0.09583333333333334 0.035416666666666666 0.075
0 0.6270833333333333 0.041666666666666664 0.04583333333333333 0.06666666666666667
0 0.7447916666666666 0.20694444444444443 0.035416666666666666 0.058333333333333334
0 0.8916666666666667 0.2847222222222222 0.08958333333333333 0.13055555555555556
0 0.7875 0.5069444444444444 0.035416666666666666 0.07222222222222222
0 0.7083333333333334 0.4583333333333333 0.04583333333333333 0.06944444444444445
0 0.734375 0.4986111111111111 0.05625 0.07777777777777778
0 0.4947916666666667 0.14583333333333334 0.029166666666666667 0.05277777777777778
0 0.5864583333333333 0.24305555555555555 0.04375 0.075
0 0.6583333333333333 0.65 0.04583333333333333 0.05277777777777778
0 0.6177083333333333 0.6638888888888889 0.03958333333333333 0.05277777777777778
0 0.3260416666666667 0.5013888888888889 0.03333333333333333 0.06111111111111111
0 0.8927083333333333 0.46944444444444444 0.029166666666666667 0.06944444444444445
0 0.22916666666666666 0.9708333333333333 0.041666666666666664 0.058333333333333334
0 0.29791666666666666 0.20277777777777778 0.04375 0.06111111111111111
0 0.540625 0.8583333333333333 0.022916666666666665 0.03888888888888889
0 0.69375 0.06388888888888888 0.03333333333333333 0.044444444444444446
0 0.8583333333333333 0.3763888888888889 0.03125 0.05
0 0.84375 0.7055555555555556 0.05625 0.06666666666666667
0 0.6447916666666667 0.22361111111111112 0.027083333333333334 0.041666666666666664
0 0.6864583333333333 0.2847222222222222 0.04375 0.025
0 0.6541666666666667 0.25555555555555554 0.03333333333333333 0.05555555555555555
0 0.33125 0.8708333333333333 0.022916666666666665 0.041666666666666664
0 0.6208333333333333 0.16944444444444445 0.020833333333333332 0.03888888888888889
0 0.21145833333333333 0.4847222222222222 0.04791666666666667 0.06111111111111111
0 0.40208333333333335 0.25 0.03958333333333333 0.05
