0 0.10208333333333333 0.9236111111111112 0.075 0.11666666666666667
0 0.328125 0.8402777777777778 0.029166666666666667 0.06111111111111111
0 0.9020833333333333 0.6763888888888889 0.06041666666666667 0.06388888888888888
0 0.521875 0.5597222222222222 0.035416666666666666 0.05277777777777778
0 0.26875 0.5333333333333333 0.03125 0.05
0 0.28125 0.65 0.03958333333333333 0.03333333333333333
0 0.2989583333333333 0.6833333333333333 0.041666666666666664 0.05555555555555555
0 0.346875 0.6013888888888889 0.0375 0.08055555555555556
0 0.05416666666666667 0.3527777777777778 0.05416666666666667 0.06944444444444445
0 0.08541666666666667 0.3902777777777778 0.03333333333333333 0.03611111111111111
0 0.17291666666666666 0.24722222222222223 0.04583333333333333 0.04722222222222222
0 0.7197916666666667 0.1486111111111111 0.03958333333333333 0.06666666666666667
0 0.7427083333333333 0.043055555555555555 0.08541666666666667 0.125
0 0.88125 0.31527777777777777 0.052083333333333336 0.06666666666666667
0 0.7239583333333334 0.3819444444444444 0.022916666666666665 0.05277777777777778
0 0.696875 0.3597222222222222 0.035416666666666666 0.06111111111111111
0 0.7177083333333333 0.22916666666666666 0.04375 0.06111111111111111
0 0.22291666666666668 0.4111111111111111 0.025 0.044444444444444446
0 0.17291666666666666 0.35833333333333334 0.04583333333333333 0.09166666666666666
0 0.4010416666666667 0.41388888888888886 0.025 0.06111111111111111
0 0.3489583333333333 0.02361111111111111 0.125 0.14166666666666666
0 0.4791666666666667 0.4125 0.04791666666666667 0.06944444444444445
0 0.27395833333333336 0.22083333333333333 0.04583333333333333 0.05
0 0.25 0.17777777777777778 0.041666666666666664 0.05277777777777778
0 0.146875 0.13472222222222222 0.022916666666666665 0.06666666666666667
