0 0.584375 0.059722222222222225 0.022916666666666665 0.041666666666666664
0 0.35520833333333335 0.1763888888888889 0.041666666666666664 0.041666666666666664
0 0.09270833333333334 0.175 0.03958333333333333 0.044444444444444446
0 0.46979166666666666 0.3416666666666667 0.025 0.03333333333333333
0 0.09895833333333333 0.5472222222222223 0.035416666666666666 0.03611111111111111
0 0.446875 0.5194444444444445 0.029166666666666667 0.04722222222222222
0 0.42291666666666666 0.35833333333333334 0.027083333333333334 0.03611111111111111
0 0.48333333333333334 0.37916666666666665 0.01875 0.022222222222222223
0 0.471875 0.3902777777777778 0.029166666666666667 0.022222222222222223
0 0.21770833333333334 0.44583333333333336 0.03125 0.05555555555555555
0 0.18229166666666666 0.5513888888888889 0.03125 0.05555555555555555
0 0.08541666666666667 0.7736111111111111 0.03333333333333333 0.041666666666666664
0 0.7854166666666667 0.30972222222222223 0.022916666666666665 0.075
0 0.75625 0.4013888888888889 0.058333333333333334 0.05555555555555555
0 0.8479166666666667 0.4236111111111111 0.04375 0.06111111111111111
0 0.8375 0.45416666666666666 0.03125 0.05
0 0.6427083333333333 0.7972222222222223 0.04375 0.05
0 0.22083333333333333 0.7944444444444444 0.020833333333333332 0.044444444444444446
0 0.8364583333333333 0.9763888888888889 0.05 0.06388888888888888
0 0.5645833333333333 0.8263888888888888 0.025 0.03611111111111111
0 0.8416666666666667 0.5680555555555555 0.035416666666666666 0.05
0 0.3854166666666667 0.5666666666666667 0.035416666666666666 0.025
0 0.5375 0.48194444444444445 0.029166666666666667 0.03888888888888889
0 0.7010416666666667 0.48194444444444445 0.022916666666666665 0.05
0 0.7291666666666666 0.4791666666666667 0.020833333333333332 0.05
0 0.4395833333333333 0.4111111111111111 0.03125 0.030555555555555555
0 0.334375 0.40694444444444444 0.0375 0.022222222222222223
0 0.509375 0.9125 0.025 0.030555555555555555
0 0.571875 0.9111111111111111 0.027083333333333334 0.044444444444444446
0 0.2947916666666667 0.4638888888888889 0.020833333333333332 0.03611111111111111
0 0.41041666666666665 0.5208333333333334 0.027083333333333334 0.03333333333333333
0 0.56875 0.20416666666666666 0.03333333333333333 0.03611111111111111
0 0.7239583333333334 0.30694444444444446 0.03125 0.041666666666666664
0 0.640625 0.5902777777777778 0.014583333333333334 0.044444444444444446
0 0.6208333333333333 0.5111111111111111 0.025 0.030555555555555555
0 0.0375 0.9638888888888889 0.03333333333333333 0.044444444444444446
0 0.40625 0.8458333333333333 0.035416666666666666 0.025
0 0.875 0.45555555555555555 0.010416666666666666 0.019444444444444445
0 0.8666666666666667 0.49444444444444446 0.027083333333333334 0.03611111111111111
0 0.85 0.7194444444444444 0.027083333333333334 0.06111111111111111
0 0.7697916666666667 0.6986111111111111 0.020833333333333332 0.025
0 0.7302083333333333 0.6375 0.027083333333333334 0.044444444444444446
0 0.7364583333333333 0.8847222222222222 0.022916666666666665 0.041666666666666664
0 0.24479166666666666 0.7583333333333333 0.022916666666666665 0.03333333333333333
0 0.05 0.0375 0.029166666666666667 0.025
