0 0.6010416666666667 0.20972222222222223 0.04375 0.06388888888888888
0 0.4083333333333333 0.4013888888888889 0.05625 0.08888888888888889
0 0.44166666666666665 0.46944444444444444 0.03958333333333333 0.06388888888888888
0 0.478125 0.8763888888888889 0.041666666666666664 0.05277777777777778
0 0.7020833333333333 0.32083333333333336 0.0375 0.04722222222222222
0 0.9354166666666667 0.5305555555555556 0.03125 0.04722222222222222
0 0.234375 0.12083333333333333 0.04791666666666667 0.058333333333333334
0 0.6770833333333334 0.20972222222222223 0.0375 0.03611111111111111
0 0.8864583333333333 0.18055555555555555 0.03333333333333333 0.03888888888888889
0 0.475 0.16805555555555557 0.035416666666666666 0.05277777777777778
0 0.290625 0.6125 0.029166666666666667 0.06111111111111111
0 0.35 0.4125 0.022916666666666665 0.044444444444444446
0 0.03125 0.3375 0.041666666666666664 0.06388888888888888
0 0.30625 0.9333333333333333 0.035416666666666666 0.044444444444444446
0 0.8489583333333334 0.7097222222222223 0.029166666666666667 0.030555555555555555
0 0.8770833333333333 0.7430555555555556 0.035416666666666666 0.030555555555555555
0 0.07291666666666667 0.43194444444444446 0.025 0.027777777777777776
0 0.09479166666666666 0.4263888888888889 0.01875 0.027777777777777776
0 0.11875 0.4152777777777778 0.029166666666666667 0.03888888888888889
0 0.41770833333333335 0.34305555555555556 0.05 0.06944444444444445
0 0.7614583333333333 0.17083333333333334 0.016666666666666666 0.030555555555555555
0 0.8052083333333333 0.17083333333333334 0.03333333333333333 0.041666666666666664
0 0.709375 0.18333333333333332 0.03125 0.05
0 0.675 0.17777777777777778 0.03333333333333333 0.03333333333333333
0 0.625 0.1597222222222222 0.03333333333333333 0.03611111111111111
0 0.5958333333333333 0.030555555555555555 0.029166666666666667 0.044444444444444446
0 0.9854166666666667 0.6180555555555556 0.01875 0.05555555555555555
0 0.24375 0.6027777777777777 0.029166666666666667 0.041666666666666664
0 0.08229166666666667 0.6638888888888889 0.027083333333333334 0.030555555555555555
0 0.8875 0.13333333333333333 0.035416666666666666 0.03888888888888889
0 0.928125 0.1388888888888889 0.029166666666666667 0.044444444444444446
0 0.18333333333333332 0.015277777777777777 0.04583333333333333 0.019444444444444445
0 0.26145833333333335 0.06944444444444445 0.03125 0.03888888888888889
0 0.3614583333333333 0.03333333333333333 0.0375 0.03888888888888889
0 0.8583333333333333 0.2611111111111111 0.022916666666666665 0.044444444444444446
0 0.6145833333333334 0.7527777777777778 0.03333333333333333 0.044444444444444446
0 0.5770833333333333 0.6152777777777778 0.0125 0.03888888888888889
0 0.5552083333333333 0.4861111111111111 0.01875 0.025
0 0.08645833333333333 0.12083333333333333 0.022916666666666665 0.041666666666666664
0 0.21666666666666667 0.4236111111111111 0.029166666666666667 0.027777777777777776
0 0.14791666666666667 0.9833333333333333 0.03333333333333333 0.03888888888888889
0 0.4822916666666667 0.6833333333333333 0.029166666666666667 0.03611111111111111
0 0.18125 0.6333333333333333 0.020833333333333332 0.041666666666666664
0 0.26458333333333334 0.23472222222222222 0.022916666666666665 0.030555555555555555
