0 0.6822916666666666 0.7152777777777778 0.03125 0.07222222222222222
0 0.6927083333333334 0.14166666666666666 0.027083333333333334 0.058333333333333334
0 0.13958333333333334 0.2875 0.03333333333333333 0.044444444444444446
0 0.7260416666666667 0.10555555555555556 0.03125 0.04722222222222222
0 0.35 0.33194444444444443 0.04791666666666667 0.05
0 0.484375 0.5375 0.03333333333333333 0.041666666666666664
0 0.32708333333333334 0.6916666666666667 0.03958333333333333 0.041666666666666664
0 0.3125 0.7458333333333333 0.03958333333333333 0.05555555555555555
0 0.30104166666666665 0.7013888888888888 0.03333333333333333 0.05555555555555555
0 0.07291666666666667 0.26805555555555555 0.020833333333333332 0.03333333333333333
0 0.11458333333333333 0.18611111111111112 0.025 0.05277777777777778
0 0.13854166666666667 0.20555555555555555 0.022916666666666665 0.04722222222222222
0 0.47708333333333336 0.20555555555555555 0.01875 0.03611111111111111
0 0.509375 0.1597222222222222 0.03333333333333333 0.03888888888888889
0 0.546875 0.06944444444444445 0.03125 0.03611111111111111
0 0.284375 0.45555555555555555 0.020833333333333332 0.05555555555555555
0 0.334375 0.3902777777777778 0.025 0.041666666666666664
0 0.33125 0.8597222222222223 0.022916666666666665 0.027777777777777776
0 0.39166666666666666 0.8388888888888889 0.014583333333333334 0.04722222222222222
0 0.6229166666666667 0.7847222222222222 0.025 0.03333333333333333
0 0.9427083333333334 0.7694444444444445 0.025 0.025
0 0.9083333333333333 0.9347222222222222 0.027083333333333334 0.05
0 0.9177083333333333 0.19444444444444445 0.03333333333333333 0.05277777777777778
0 0.446875 0.10694444444444444 0.029166666666666667 0.027777777777777776
0 0.98125 0.39861111111111114 0.035416666666666666 0.058333333333333334
0 0.884375 0.8416666666666667 0.016666666666666666 0.03611111111111111
0 0.8979166666666667 0.8694444444444445 0.01875 0.025
0 0.6958333333333333 0.5888888888888889 0.020833333333333332 0.03333333333333333
0 0.23541666666666666 0.6666666666666666 0.029166666666666667 0.03333333333333333
0 0.9427083333333334 0.0763888888888889 0.03333333333333333 0.03888888888888889
