0 0.5270833333333333 0.13055555555555556 0.029166666666666667 0.03611111111111111
0 0.5 0.5041666666666667 0.01875 0.030555555555555555
0 0.39375 0.3541666666666667 0.035416666666666666 0.044444444444444446
0 0.4947916666666667 0.36944444444444446 0.029166666666666667 0.05
0 0.159375 0.13333333333333333 0.03125 0.04722222222222222
0 0.10729166666666666 0.1638888888888889 0.03958333333333333 0.03611111111111111
0 0.271875 0.10416666666666667 0.0375 0.05
0 0.7229166666666667 0.3347222222222222 0.0375 0.044444444444444446
0 0.11041666666666666 0.2 0.0375 0.041666666666666664
0 0.671875 0.7180555555555556 0.027083333333333334 0.03888888888888889
0 0.415625 0.7527777777777778 0.029166666666666667 0.04722222222222222
0 0.39895833333333336 0.8833333333333333 0.05416666666666667 0.04722222222222222
0 0.48020833333333335 0.875 0.025 0.03611111111111111
0 0.459375 0.8486111111111111 0.020833333333333332 0.03888888888888889
0 0.459375 0.7847222222222222 0.020833333333333332 0.027777777777777776
0 0.465625 0.6694444444444444 0.020833333333333332 0.03333333333333333
0 0.4479166666666667 0.7291666666666666 0.03125 0.03888888888888889
0 0.41770833333333335 0.9652777777777778 0.03333333333333333 0.044444444444444446
0 0.33125 0.2875 0.022916666666666665 0.027777777777777776
0 0.41458333333333336 0.325 0.01875 0.025
0 0.16979166666666667 0.2625 0.027083333333333334 0.05
0 0.9854166666666667 0.7194444444444444 0.027083333333333334 0.04722222222222222
0 0.8520833333333333 0.3125 0.01875 0.027777777777777776
0 0.8458333333333333 0.4888888888888889 0.03125 0.05
0 1.0 0.4152777777777778 0.022916666666666665 0.03611111111111111
0 0.8739583333333333 0.4125 0.0375 0.04722222222222222
0 0.8302083333333333 0.029166666666666667 0.0625 0.03888888888888889
0 0.9791666666666666 0.8069444444444445 0.03125 0.05555555555555555
0 0.665625 0.6736111111111112 0.027083333333333334 0.030555555555555555
0 0.42083333333333334 0.3486111111111111 0.027083333333333334 0.025
0 0.453125 0.5430555555555555 0.020833333333333332 0.030555555555555555
0 0.6958333333333333 0.5652777777777778 0.025 0.041666666666666664
0 0.215625 0.3458333333333333 0.022916666666666665 0.03333333333333333
