0 0.43020833333333336 0.2861111111111111 0.1 0.1361111111111111
0 0.5364583333333334 0.3861111111111111 0.052083333333333336 0.08333333333333333
0 0.7416666666666667 0.6930555555555555 0.058333333333333334 0.05
0 0.7489583333333333 0.9013888888888889 0.03958333333333333 0.06111111111111111
0 0.14166666666666666 0.55 0.0375 0.07222222222222222
0 0.4979166666666667 0.7444444444444445 0.027083333333333334 0.041666666666666664
0 0.55 0.9083333333333333 0.04583333333333333 0.08611111111111111
0 0.13229166666666667 0.9402777777777778 0.04791666666666667 0.05555555555555555
0 0.17916666666666667 0.20277777777777778 0.05 0.05277777777777778
0 0.340625 0.16944444444444445 0.0375 0.05277777777777778
0 0.38125 0.1986111111111111 0.027083333333333334 0.06666666666666667
0 0.9625 0.8625 0.052083333333333336 0.06666666666666667
0 0.8677083333333333 0.5875 0.075 0.06388888888888888
0 0.7520833333333333 0.7708333333333334 0.05 0.06666666666666667
0 0.7552083333333334 0.9625 0.05625 0.03888888888888889
0 0.9416666666666667 0.4236111111111111 0.035416666666666666 0.05277777777777778
0 0.9427083333333334 0.4930555555555556 0.029166666666666667 0.05277777777777778
0 0.4010416666666667 0.11388888888888889 0.041666666666666664 0.075
0 0.053125 0.15138888888888888 0.027083333333333334 0.05555555555555555
0 0.028125 0.002777777777777778 0.014583333333333334 0.05555555555555555
0 0.015625 0.04722222222222222 0.0625 0.030555555555555555
0 0.7770833333333333 0.5513888888888889 0.03958333333333333 0.03611111111111111
0 0.7875 0.24583333333333332 0.022916666666666665 0.03888888888888889
0 0.44166666666666665 0.5541666666666667 0.035416666666666666 0.05277777777777778
