0 0.35833333333333334 0.6875 0.09791666666666667 0.09444444444444444
0 0.415625 0.6027777777777777 0.05416666666666667 0.06388888888888888
0 0.3729166666666667 0.5305555555555556 0.04791666666666667 0.05277777777777778
0 0.35833333333333334 0.4583333333333333 0.06458333333333334 0.06388888888888888
0 0.48125 0.4027777777777778 0.07708333333333334 0.06944444444444445
0 0.303125 0.3458333333333333 0.04583333333333333 0.05277777777777778
0 0.134375 0.2625 0.05625 0.075
0 0.058333333333333334 0.11805555555555555 0.04583333333333333 0.06388888888888888
0 0.08541666666666667 0.08333333333333333 0.025 0.07222222222222222
0 0.19270833333333334 0.8416666666666667 0.04375 0.06111111111111111
0 0.22083333333333333 0.8194444444444444 0.0375 0.05
0 0.246875 0.8097222222222222 0.027083333333333334 0.03611111111111111
0 0.234375 0.7333333333333333 0.06041666666666667 0.06666666666666667
0 0.5479166666666667 0.05138888888888889 0.09166666666666666 0.08055555555555556
0 0.8708333333333333 0.3055555555555556 0.04375 0.05555555555555555
0 0.7770833333333333 0.6 0.04791666666666667 0.04722222222222222
0 0.3802083333333333 0.9291666666666667 0.025 0.05277777777777778
0 0.7072916666666667 0.7208333333333333 0.05625 0.041666666666666664
0 0.7052083333333333 0.43472222222222223 0.04375 0.05
0 0.6958333333333333 0.4875 0.04583333333333333 0.03333333333333333
0 0.878125 0.21666666666666667 0.041666666666666664 0.05555555555555555
0 0.18541666666666667 0.3013888888888889 0.029166666666666667 0.06388888888888888
0 0.1875 0.4888888888888889 0.04583333333333333 0.058333333333333334
0 0.75625 0.5166666666666667 0.05416666666666667 0.08055555555555556
0 0.8333333333333334 0.6972222222222222 0.052083333333333336 0.044444444444444446
0 0.609375 0.3541666666666667 0.052083333333333336 0.05277777777777778
0 0.9197916666666667 0.35 0.04583333333333333 0.044444444444444446
0 0.446875 0.24305555555555555 0.05 0.05277777777777778
0 0.33541666666666664 0.03333333333333333 0.052083333333333336 0.05
0 0.15833333333333333 0.02361111111111111 0.04583333333333333 0.04722222222222222
