0 0.6489583333333333 0.29583333333333334 0.06875 0.08055555555555556
0 0.5364583333333334 0.20972222222222223 0.03958333333333333 0.04722222222222222
0 0.23541666666666666 0.32083333333333336 0.0375 0.030555555555555555
0 0.90625 0.9111111111111111 0.035416666666666666 0.07222222222222222
0 0.8864583333333333 0.85 0.041666666666666664 0.05555555555555555
0 0.9177083333333333 0.8638888888888889 0.029166666666666667 0.03333333333333333
0 0.8677083333333333 0.9027777777777778 0.041666666666666664 0.07777777777777778
0 0.4010416666666667 0.8888888888888888 0.07083333333333333 0.06111111111111111
0 0.6072916666666667 0.013888888888888888 0.06875 0.027777777777777776
0 0.0020833333333333333 0.9986111111111111 0.027083333333333334 0.05277777777777778
0 0.7760416666666666 0.7 0.041666666666666664 0.06111111111111111
0 0.8260416666666667 0.7111111111111111 0.0375 0.05555555555555555
0 0.5385416666666667 0.5180555555555556 0.05625 0.06111111111111111
0 0.23125 0.8208333333333333 0.03333333333333333 0.03611111111111111
0 0.9770833333333333 0.4736111111111111 0.022916666666666665 0.03888888888888889
0 0.9614583333333333 0.6930555555555555 0.025 0.07222222222222222
0 0.26145833333333335 0.9694444444444444 0.06041666666666667 0.027777777777777776
0 0.165625 0.12222222222222222 0.05625 0.07777777777777778
0 0.06354166666666666 0.0875 0.035416666666666666 0.04722222222222222
0 0.18020833333333333 0.2361111111111111 0.027083333333333334 0.05
0 0.5604166666666667 0.2611111111111111 0.041666666666666664 0.03888888888888889
0 0.8604166666666667 0.044444444444444446 0.04375 0.06666666666666667
0 0.8427083333333333 0.2708333333333333 0.03333333333333333 0.05277777777777778
0 0.440625 0.08333333333333333 0.025 0.03333333333333333
0 0.6583333333333333 0.48194444444444445 0.029166666666666667 0.05
0 0.09895833333333333 0.6194444444444445 0.027083333333333334 0.041666666666666664
