0 0.5927083333333333 0.2972222222222222 0.06875 0.09166666666666666
0 0.5458333333333333 0.30694444444444446 0.05416666666666667 0.08333333333333333
0 0.12395833333333334 0.5111111111111111 0.052083333333333336 0.06666666666666667
0 0.39375 0.31666666666666665 0.04375 0.06944444444444445
0 0.33958333333333335 0.33055555555555555 0.04791666666666667 0.06388888888888888
0 0.21041666666666667 0.16111111111111112 0.05416666666666667 0.058333333333333334
0 0.8322916666666667 0.48055555555555557 0.058333333333333334 0.08333333333333333
0 0.6604166666666667 0.4166666666666667 0.0625 0.07222222222222222
0 0.6791666666666667 0.5833333333333334 0.03333333333333333 0.05
0 0.5635416666666667 0.7291666666666666 0.027083333333333334 0.06111111111111111
0 0.13125 0.9708333333333333 0.04583333333333333 0.05555555555555555
0 0.3385416666666667 0.9430555555555555 0.05 0.044444444444444446
0 0.32395833333333335 0.6652777777777777 0.0375 0.041666666666666664
0 0.25104166666666666 0.7236111111111111 0.014583333333333334 0.03888888888888889
0 0.234375 0.7402777777777778 0.010416666666666666 0.03888888888888889
0 0.9583333333333334 0.8763888888888889 0.052083333333333336 0.06111111111111111
0 0.34375 0.41388888888888886 0.035416666666666666 0.06111111111111111
0 0.3458333333333333 0.4625 0.027083333333333334 0.041666666666666664
0 0.22708333333333333 0.37222222222222223 0.029166666666666667 0.05
0 0.975 0.44305555555555554 0.04375 0.08055555555555556
0 0.621875 0.7472222222222222 0.035416666666666666 0.04722222222222222
0 0.6864583333333333 0.7291666666666666 0.022916666666666665 0.07222222222222222
0 0.7197916666666667 0.48055555555555557 0.035416666666666666 0.06666666666666667
0 0.8645833333333334 0.034722222222222224 0.04375 0.05555555555555555
0 0.9885416666666667 0.3638888888888889 0.07916666666666666 0.10277777777777777
0 0.10833333333333334 0.07083333333333333 0.06666666666666667 0.06111111111111111
0 0.15625 0.0375 0.0375 0.05555555555555555
0 0.43020833333333336 0.25277777777777777 0.025 0.058333333333333334
0 0.4791666666666667 0.3388888888888889 0.03958333333333333 0.06388888888888888
0 0.01875 0.2222222222222222 0.016666666666666666 0.075
0 0.7583333333333333 0.4305555555555556 0.020833333333333332 0.044444444444444446
0 0.6708333333333333 0.48055555555555557 0.0375 0.05555555555555555
0 0.46875 0.7402777777777778 0.04375 0.07222222222222222
0 0.7270833333333333 0.06388888888888888 0.03333333333333333 0.06388888888888888
