0 0.18645833333333334 0.325 0.03958333333333333 0.06944444444444445
0 0.30520833333333336 0.6291666666666667 0.04583333333333333 0.041666666666666664
0 0.46145833333333336 0.5388888888888889 0.041666666666666664 0.05555555555555555
0 0.10104166666666667 0.04583333333333333 0.03125 0.044444444444444446
0 0.234375 0.38055555555555554 0.03958333333333333 0.05555555555555555
0 0.21354166666666666 0.7569444444444444 0.035416666666666666 0.05
0 0.5447916666666667 0.6666666666666666 0.04375 0.06111111111111111
0 0.8895833333333333 0.8583333333333333 0.022916666666666665 0.041666666666666664
0 0.746875 0.95 0.03958333333333333 0.04722222222222222
0 0.7979166666666667 0.975 0.03125 0.03611111111111111
0 0.40625 0.39305555555555555 0.03125 0.041666666666666664
0 0.6635416666666667 0.04583333333333333 0.027083333333333334 0.044444444444444446
0 0.5989583333333334 0.15694444444444444 0.027083333333333334 0.027777777777777776
0 0.575 0.36527777777777776 0.020833333333333332 0.019444444444444445
0 0.03333333333333333 0.018055555555555554 0.025 0.03333333333333333
0 0.275 0.2111111111111111 0.027083333333333334 0.03611111111111111
0 0.421875 0.3138888888888889 0.029166666666666667 0.03611111111111111
0 0.690625 0.7652777777777777 0.03125 0.027777777777777776
0 0.49583333333333335 0.5083333333333333 0.027083333333333334 0.05
0 0.7666666666666667 0.14722222222222223 0.022916666666666665 0.03611111111111111
0 0.23541666666666666 0.44722222222222224 0.020833333333333332 0.03333333333333333
0 0.6947916666666667 0.1111111111111111 0.03125 0.04722222222222222
0 0.7885416666666667 0.18333333333333332 0.03333333333333333 0.03611111111111111
0 0.8927083333333333 0.11805555555555555 0.04583333333333333 0.03888888888888889
0 0.875 0.0625 0.035416666666666666 0.03333333333333333
0 0.575 0.4027777777777778 0.016666666666666666 0.022222222222222223
0 0.13958333333333334 0.7625 0.041666666666666664 0.03888888888888889
0 0.17083333333333334 0.7166666666666667 0.025 0.030555555555555555
0 0.35625 0.7888888888888889 0.035416666666666666 0.04722222222222222
0 0.115625 0.8083333333333333 0.03125 0.030555555555555555
0 0.30104166666666665 0.7986111111111112 0.029166666666666667 0.03888888888888889
0 0.33229166666666665 0.8180555555555555 0.029166666666666667 0.03888888888888889
0 0.340625 0.8847222222222222 0.0375 0.03333333333333333
0 0.9177083333333333 0.24583333333333332 0.029166666666666667 0.027777777777777776
0 0.334375 0.5958333333333333 0.029166666666666667 0.03611111111111111
0 0.22395833333333334 0.33055555555555555 0.027083333333333334 0.05277777777777778
0 0.68125 0.8361111111111111 0.029166666666666667 0.041666666666666664
0 0.8083333333333333 0.5972222222222222 0.01875 0.044444444444444446
0 0.840625 0.7069444444444445 0.029166666666666667 0.044444444444444446
0 0.6020833333333333 0.7138888888888889 0.025 0.030555555555555555
0 0.7125 0.7180555555555556 0.020833333333333332 0.05555555555555555
0 0.7645833333333333 0.5736111111111111 0.014583333333333334 0.030555555555555555
0 0.521875 0.5097222222222222 0.022916666666666665 0.041666666666666664
0 0.8635416666666667 0.19027777777777777 0.029166666666666667 0.03333333333333333
0 0.20208333333333334 0.7930555555555555 0.029166666666666667 0.03333333333333333
0 0.528125 0.3333333333333333 0.01875 0.04722222222222222
0 0.79375 0.09861111111111111 0.01875 0.022222222222222223
0 0.5604166666666667 0.7777777777777778 0.025 0.025
0 0.3072916666666667 0.2763888888888889 0.016666666666666666 0.03888888888888889
0 0.6458333333333334 0.5111111111111111 0.020833333333333332 0.016666666666666666
0 0.8729166666666667 0.025 0.035416666666666666 0.03611111111111111
0 0.7458333333333333 0.4513888888888889 0.058333333333333334 0.04722222222222222
0 0.35208333333333336 0.49027777777777776 0.014583333333333334 0.025
0 0.50625 0.9861111111111112 0.035416666666666666 0.025
0 0.9354166666666667 0.4638888888888889 0.022916666666666665 0.03333333333333333
0 0.9020833333333333 0.03888888888888889 0.014583333333333334 0.030555555555555555
0 0.675 0.6958333333333333 0.025 0.03888888888888889
0 0.6520833333333333 0.24305555555555555 0.03333333333333333 0.027777777777777776
0 0.590625 0.29444444444444445 0.010416666666666666 0.030555555555555555
0 0.5760416666666667 0.31805555555555554 0.01875 0.044444444444444446
0 0.9635416666666666 0.3458333333333333 0.016666666666666666 0.027777777777777776
0 0.9416666666666667 0.36527777777777776 0.01875 0.025
0 0.9177083333333333 0.36666666666666664 0.020833333333333332 0.03888888888888889
0 0.5416666666666666 0.9291666666666667 0.0125 0.027777777777777776
0 0.265625 0.9888888888888889 0.008333333333333333 0.019444444444444445
0 0.215625 0.9652777777777778 0.014583333333333334 0.027777777777777776
0 0.18854166666666666 0.9805555555555555 0.022916666666666665 0.019444444444444445
0 0.9927083333333333 0.8486111111111111 0.0125 0.027777777777777776
0 0.16979166666666667 0.29305555555555557 0.035416666666666666 0.044444444444444446
