0 0.35520833333333335 0.7819444444444444 0.0625 0.07222222222222222
0 0.096875 0.7125 0.03125 0.03888888888888889
0 0.14895833333333333 0.38472222222222224 0.035416666666666666 0.03611111111111111
0 0.7447916666666666 0.5236111111111111 0.05625 0.06388888888888888
0 0.490625 0.6625 0.020833333333333332 0.025
0 0.634375 0.7625 0.027083333333333334 0.044444444444444446
0 0.9802083333333333 0.7138888888888889 0.025 0.041666666666666664
0 0.5979166666666667 0.6694444444444444 0.029166666666666667 0.027777777777777776
0 0.5895833333333333 0.6972222222222222 0.0375 0.025
0 0.5666666666666667 0.05694444444444444 0.03333333333333333 0.05
0 0.6395833333333333 0.33055555555555555 0.029166666666666667 0.058333333333333334
0 0.6895833333333333 0.24027777777777778 0.029166666666666667 0.05555555555555555
0 0.7104166666666667 0.18055555555555555 0.03333333333333333 0.04722222222222222
0 0.8875 0.5319444444444444 0.04791666666666667 0.06944444444444445
0 0.9583333333333334 0.5166666666666667 0.03125 0.05555555555555555
0 0.75 0.44027777777777777 0.020833333333333332 0.03611111111111111
0 0.8104166666666667 0.3736111111111111 0.01875 0.025
0 0.928125 0.06805555555555555 0.03333333333333333 0.03333333333333333
0 0.69375 0.3638888888888889 0.0375 0.03888888888888889
0 0.9541666666666667 0.3875 0.022916666666666665 0.030555555555555555
0 0.49895833333333334 0.6194444444444445 0.03333333333333333 0.05
0 0.12916666666666668 0.16805555555555557 0.0375 0.03888888888888889
0 0.2125 0.825 0.025 0.04722222222222222
0 0.9864583333333333 0.7888888888888889 0.0375 0.05277777777777778
0 0.14895833333333333 0.9611111111111111 0.03125 0.058333333333333334
0 0.5697916666666667 0.6319444444444444 0.022916666666666665 0.03611111111111111
0 0.24166666666666667 0.5958333333333333 0.029166666666666667 0.05277777777777778
0 0.034375 0.5375 0.03125 0.03611111111111111
0 0.7822916666666667 0.43333333333333335 0.020833333333333332 0.03888888888888889
0 0.83125 0.42083333333333334 0.027083333333333334 0.025
0 0.7916666666666666 0.4097222222222222 0.022916666666666665 0.030555555555555555
0 0.9458333333333333 0.8527777777777777 0.01875 0.030555555555555555
0 0.709375 0.9 0.035416666666666666 0.03611111111111111
0 0.309375 0.3125 0.025 0.027777777777777776
0 0.07604166666666666 0.32222222222222224 0.022916666666666665 0.03611111111111111
0 0.020833333333333332 0.34305555555555556 0.029166666666666667 0.05
0 0.278125 0.06666666666666667 0.029166666666666667 0.025
0 0.7604166666666666 0.7916666666666666 0.025 0.03611111111111111
0 0.7802083333333333 0.8013888888888889 0.016666666666666666 0.03333333333333333
0 0.60625 0.9305555555555556 0.020833333333333332 0.030555555555555555
0 0.9760416666666667 0.043055555555555555 0.020833333333333332 0.044444444444444446
0 0.9479166666666666 0.019444444444444445 0.014583333333333334 0.03611111111111111
0 0.7916666666666666 0.058333333333333334 0.03125 0.030555555555555555
0 0.709375 0.08472222222222223 0.03125 0.044444444444444446
0 0.6927083333333334 0.04027777777777778 0.01875 0.03333333333333333
0 0.753125 0.6152777777777778 0.01875 0.025
0 0.475 0.5041666666666667 0.014583333333333334 0.025
0 0.5322916666666667 0.5222222222222223 0.01875 0.027777777777777776
0 0.440625 0.37222222222222223 0.020833333333333332 0.03888888888888889
0 0.5322916666666667 0.3763888888888889 0.027083333333333334 0.025
0 0.55 0.6069444444444444 0.025 0.030555555555555555
0 0.615625 0.7166666666666667 0.01875 0.019444444444444445
0 0.30416666666666664 0.34305555555555556 0.01875 0.03333333333333333
0 0.07604166666666666 0.5763888888888888 0.027083333333333334 0.030555555555555555
0 0.7354166666666667 0.12916666666666668 0.025 0.022222222222222223
