0 0.05 0.09305555555555556 0.016666666666666666 0.04722222222222222
0 0.18229166666666666 0.09166666666666666 0.035416666666666666 0.05555555555555555
0 0.29375 0.18888888888888888 0.04791666666666667 0.06666666666666667
0 0.5614583333333333 0.10833333333333334 0.027083333333333334 0.03888888888888889
0 0.23333333333333334 0.9652777777777778 0.029166666666666667 0.04722222222222222
0 0.46041666666666664 0.6402777777777777 0.027083333333333334 0.044444444444444446
0 0.9927083333333333 0.5777777777777777 0.03333333333333333 0.058333333333333334
0 0.453125 0.2375 0.029166666666666667 0.025
0 0.8614583333333333 0.09027777777777778 0.029166666666666667 0.025
0 0.6510416666666666 0.6555555555555556 0.03958333333333333 0.03611111111111111
0 0.60625 0.6291666666666667 0.03333333333333333 0.06666666666666667
0 0.7322916666666667 0.5430555555555555 0.022916666666666665 0.044444444444444446
0 0.5291666666666667 0.8027777777777778 0.020833333333333332 0.044444444444444446
0 0.10520833333333333 0.6847222222222222 0.03125 0.05
0 0.14166666666666666 0.46944444444444444 0.020833333333333332 0.041666666666666664
0 0.9552083333333333 0.4222222222222222 0.0375 0.030555555555555555
0 0.875 0.6 0.01875 0.030555555555555555
0 0.5333333333333333 0.26805555555555555 0.03333333333333333 0.05277777777777778
0 0.2552083333333333 0.09861111111111111 0.04791666666666667 0.04722222222222222
0 0.23958333333333334 0.13194444444444445 0.0375 0.04722222222222222
0 0.80625 0.6944444444444444 0.027083333333333334 0.044444444444444446
0 0.5791666666666667 0.2625 0.016666666666666666 0.03611111111111111
0 0.32083333333333336 0.6819444444444445 0.022916666666666665 0.03888888888888889
0 0.4322916666666667 0.4305555555555556 0.020833333333333332 0.03611111111111111
0 0.029166666666666667 0.4847222222222222 0.016666666666666666 0.044444444444444446
0 0.9739583333333334 0.7694444444444445 0.029166666666666667 0.03333333333333333
0 0.4583333333333333 0.44583333333333336 0.01875 0.03333333333333333
0 0.084375 0.5597222222222222 0.027083333333333334 0.05555555555555555
0 0.0625 0.44166666666666665 0.020833333333333332 0.041666666666666664
0 0.12291666666666666 0.4486111111111111 0.016666666666666666 0.03333333333333333
0 0.28958333333333336 0.30277777777777776 0.01875 0.03888888888888889
0 0.175 0.42083333333333334 0.0125 0.027777777777777776
0 0.04791666666666667 0.7569444444444444 0.025 0.041666666666666664
0 0.065625 0.8791666666666667 0.022916666666666665 0.025
0 0.9625 0.08611111111111111 0.035416666666666666 0.03888888888888889
0 0.7458333333333333 0.9208333333333333 0.020833333333333332 0.025
0 0.6666666666666666 0.4444444444444444 0.0125 0.019444444444444445
0 0.8145833333333333 0.5013888888888889 0.01875 0.027777777777777776
0 0.5020833333333333 0.3263888888888889 0.027083333333333334 0.03611111111111111
0 0.4552083333333333 0.13472222222222222 0.016666666666666666 0.030555555555555555
0 0.659375 0.027777777777777776 0.01875 0.03333333333333333
0 0.49270833333333336 0.2513888888888889 0.016666666666666666 0.030555555555555555
0 0.6625 0.6236111111111111 0.03333333333333333 0.05555555555555555
0 0.5572916666666666 0.08611111111111111 0.03125 0.05
0 0.8145833333333333 0.09305555555555556 0.022916666666666665 0.025
0 0.540625 0.04861111111111111 0.01875 0.025
0 0.5958333333333333 0.06805555555555555 0.016666666666666666 0.030555555555555555
0 0.6979166666666666 0.4930555555555556 0.016666666666666666 0.022222222222222223
0 1.0 0.7527777777777778 0.027083333333333334 0.044444444444444446
0 0.8395833333333333 0.6930555555555555 0.027083333333333334 0.04722222222222222
0 0.7229166666666667 0.9319444444444445 0.020833333333333332 0.041666666666666664
0 0.7625 0.38333333333333336 0.0375 0.03611111111111111
0 0.34375 0.24027777777777778 0.027083333333333334 0.030555555555555555
0 0.4708333333333333 0.15833333333333333 0.01875 0.016666666666666666
0 0.7708333333333334 0.30972222222222223 0.010416666666666666 0.025
0 0.890625 0.5847222222222223 0.020833333333333332 0.03333333333333333
0 0.5291666666666667 0.725 0.0125 0.022222222222222223
0 0.34791666666666665 0.6944444444444444 0.022916666666666665 0.03333333333333333
