0 0.9104166666666667 0.2847222222222222 0.035416666666666666 0.05555555555555555
0 0.640625 0.18472222222222223 0.035416666666666666 0.06666666666666667
0 0.28125 0.31805555555555554 0.027083333333333334 0.044444444444444446
0 0.15416666666666667 0.05277777777777778 0.05 0.06388888888888888
0 0.465625 0.18333333333333332 0.029166666666666667 0.05277777777777778
0 0.9270833333333334 0.5388888888888889 0.03125 0.05
0 0.7989583333333333 0.8347222222222223 0.025 0.05
0 0.6177083333333333 0.8930555555555556 0.03958333333333333 0.03333333333333333
0 0.6291666666666667 0.9222222222222223 0.0375 0.019444444444444445
0 0.5677083333333334 0.9472222222222222 0.027083333333333334 0.03611111111111111
0 0.43333333333333335 0.9208333333333333 0.01875 0.03333333333333333
0 0.403125 0.6708333333333333 0.029166666666666667 0.04722222222222222
0 0.98125 0.22083333333333333 0.027083333333333334 0.03888888888888889
0 0.796875 0.8763888888888889 0.029166666666666667 0.027777777777777776
0 0.43854166666666666 0.6736111111111112 0.03333333333333333 0.058333333333333334
0 0.678125 0.7208333333333333 0.03958333333333333 0.05
0 0.9760416666666667 0.8444444444444444 0.025 0.041666666666666664
0 0.9989583333333333 0.8597222222222223 0.025 0.03888888888888889
0 0.6895833333333333 0.9152777777777777 0.03333333333333333 0.03888888888888889
0 0.07083333333333333 0.17777777777777778 0.029166666666666667 0.04722222222222222
0 0.6875 0.3472222222222222 0.041666666666666664 0.041666666666666664
0 0.8791666666666667 0.1388888888888889 0.035416666666666666 0.041666666666666664
0 0.8791666666666667 0.17222222222222222 0.03958333333333333 0.030555555555555555
0 0.6697916666666667 0.07361111111111111 0.03125 0.03888888888888889
0 0.525 0.020833333333333332 0.025 0.04722222222222222
0 0.33958333333333335 0.3597222222222222 0.03125 0.06111111111111111
0 0.5125 0.6555555555555556 0.03125 0.03888888888888889
0 0.478125 0.7347222222222223 0.0125 0.022222222222222223
0 0.29583333333333334 0.7861111111111111 0.03125 0.04722222222222222
0 0.4822916666666667 0.9847222222222223 0.016666666666666666 0.027777777777777776
0 0.9708333333333333 0.9 0.03125 0.041666666666666664
0 0.9572916666666667 0.5972222222222222 0.041666666666666664 0.03888888888888889
0 0.9479166666666666 0.6402777777777777 0.027083333333333334 0.030555555555555555
0 0.8895833333333333 0.09444444444444444 0.022916666666666665 0.04722222222222222
0 0.11458333333333333 0.5708333333333333 0.05 0.03611111111111111
0 0.646875 0.4875 0.027083333333333334 0.05277777777777778
0 0.7083333333333334 0.5861111111111111 0.020833333333333332 0.027777777777777776
0 0.8135416666666667 0.6069444444444444 0.029166666666666667 0.03611111111111111
0 0.8697916666666666 0.6097222222222223 0.03333333333333333 0.03611111111111111
0 0.890625 0.5472222222222223 0.0125 0.03333333333333333
0 0.84375 0.5319444444444444 0.03125 0.04722222222222222
0 0.28125 0.3597222222222222 0.01875 0.025
0 0.93125 0.0125 0.027083333333333334 0.03611111111111111
0 0.32083333333333336 0.13333333333333333 0.035416666666666666 0.05277777777777778
