0 0.11666666666666667 0.07222222222222222 0.041666666666666664 0.044444444444444446
0 0.04583333333333333 0.09166666666666666 0.058333333333333334 0.07777777777777778
0 0.41041666666666665 0.08611111111111111 0.03125 0.03888888888888889
0 0.5270833333333333 0.4666666666666667 0.03333333333333333 0.04722222222222222
0 0.5010416666666667 0.24444444444444444 0.029166666666666667 0.044444444444444446
0 0.36666666666666664 0.3347222222222222 0.03125 0.05277777777777778
0 0.4041666666666667 0.38055555555555554 0.03125 0.05277777777777778
0 0.171875 0.3347222222222222 0.022916666666666665 0.041666666666666664
0 0.325 0.47638888888888886 0.022916666666666665 0.03888888888888889
0 0.3385416666666667 0.0625 0.025 0.03611111111111111
0 0.16041666666666668 0.12777777777777777 0.029166666666666667 0.05
0 0.16875 0.20555555555555555 0.029166666666666667 0.044444444444444446
0 0.09895833333333333 0.6458333333333334 0.027083333333333334 0.03888888888888889
0 0.21979166666666666 0.8263888888888888 0.035416666666666666 0.041666666666666664
0 0.284375 0.8027777777777778 0.029166666666666667 0.05
0 0.6458333333333334 0.33611111111111114 0.025 0.03888888888888889
0 0.6760416666666667 0.34444444444444444 0.022916666666666665 0.044444444444444446
0 0.4552083333333333 0.8527777777777777 0.041666666666666664 0.06111111111111111
0 0.5739583333333333 0.5777777777777777 0.03125 0.03611111111111111
0 0.5791666666666667 0.49583333333333335 0.029166666666666667 0.03888888888888889
0 0.959375 0.7180555555555556 0.04583333333333333 0.06388888888888888
0 0.4166666666666667 0.9388888888888889 0.03125 0.044444444444444446
0 0.671875 0.6194444444444445 0.03125 0.058333333333333334
0 0.7916666666666666 0.7666666666666667 0.04791666666666667 0.044444444444444446
0 0.5885416666666666 0.39444444444444443 0.03125 0.030555555555555555
0 0.7166666666666667 0.4861111111111111 0.016666666666666666 0.030555555555555555
0 0.5729166666666666 0.5305555555555556 0.041666666666666664 0.041666666666666664
0 0.7177083333333333 0.8083333333333333 0.022916666666666665 0.03333333333333333
0 0.7354166666666667 0.9458333333333333 0.0375 0.06388888888888888
0 0.7364583333333333 0.9055555555555556 0.03958333333333333 0.03888888888888889
0 0.8197916666666667 0.8888888888888888 0.020833333333333332 0.03888888888888889
0 0.8010416666666667 0.9486111111111111 0.020833333333333332 0.04722222222222222
0 0.7583333333333333 0.9430555555555555 0.029166666666666667 0.030555555555555555
0 0.1 0.17916666666666667 0.0375 0.04722222222222222
0 0.09583333333333334 0.2152777777777778 0.025 0.03611111111111111
0 0.2552083333333333 0.20277777777777778 0.027083333333333334 0.044444444444444446
0 0.2916666666666667 0.3055555555555556 0.01875 0.05
0 0.5135416666666667 0.2875 0.027083333333333334 0.03611111111111111
0 0.665625 0.2013888888888889 0.03125 0.058333333333333334
0 0.8958333333333334 0.8722222222222222 0.03958333333333333 0.027777777777777776
0 0.23541666666666666 0.8708333333333333 0.029166666666666667 0.041666666666666664
0 0.04583333333333333 0.9472222222222222 0.029166666666666667 0.05
0 0.026041666666666668 0.9708333333333333 0.035416666666666666 0.03611111111111111
0 0.59375 0.7013888888888888 0.016666666666666666 0.030555555555555555
0 0.42291666666666666 0.6041666666666666 0.027083333333333334 0.05
0 0.5854166666666667 0.07222222222222222 0.03333333333333333 0.044444444444444446
0 0.80625 0.6930555555555555 0.01875 0.030555555555555555
0 0.7697916666666667 0.8736111111111111 0.020833333333333332 0.04722222222222222
0 0.20520833333333333 0.3375 0.027083333333333334 0.041666666666666664
0 0.18854166666666666 0.25972222222222224 0.04375 0.030555555555555555
0 0.26875 0.6194444444444445 0.035416666666666666 0.03611111111111111
0 0.9645833333333333 0.05138888888888889 0.035416666666666666 0.030555555555555555
