0 0.484375 0.08472222222222223 0.058333333333333334 0.04722222222222222
0 0.5260416666666666 0.55 0.0625 0.08055555555555556
0 0.3614583333333333 0.7694444444444445 0.041666666666666664 0.05555555555555555
0 0.340625 0.38333333333333336 0.029166666666666667 0.04722222222222222
0 0.6114583333333333 0.36527777777777776 0.04375 0.05
0 0.5677083333333334 0.11527777777777778 0.035416666666666666 0.04722222222222222
0 0.4739583333333333 0.03333333333333333 0.041666666666666664 0.03888888888888889
0 0.3645833333333333 0.04861111111111111 0.03958333333333333 0.05277777777777778
0 0.17708333333333334 0.7888888888888889 0.0375 0.05
0 0.171875 0.8277777777777777 0.04375 0.05555555555555555
0 0.825 0.7097222222222223 0.052083333333333336 0.05277777777777778
0 0.7947916666666667 0.3416666666666667 0.0375 0.07222222222222222
0 0.06875 0.48333333333333334 0.04583333333333333 0.04722222222222222
0 0.10625 0.49444444444444446 0.04583333333333333 0.05277777777777778
0 0.1 0.5319444444444444 0.025 0.03888888888888889
0 0.459375 0.30277777777777776 0.029166666666666667 0.03888888888888889
0 0.3770833333333333 0.4486111111111111 0.027083333333333334 0.03888888888888889
0 0.9322916666666666 0.16527777777777777 0.029166666666666667 0.075
0 0.9354166666666667 0.2763888888888889 0.03958333333333333 0.041666666666666664
0 0.9208333333333333 0.30972222222222223 0.01875 0.030555555555555555
0 0.65625 0.39444444444444443 0.025 0.058333333333333334
0 0.33958333333333335 0.4583333333333333 0.03125 0.041666666666666664
0 0.18854166666666666 0.49166666666666664 0.022916666666666665 0.041666666666666664
0 0.246875 0.7236111111111111 0.022916666666666665 0.041666666666666664
0 0.27395833333333336 0.7166666666666667 0.029166666666666667 0.03333333333333333
0 0.375 0.9486111111111111 0.03125 0.05277777777777778
0 0.6614583333333334 0.7152777777777778 0.01875 0.04722222222222222
0 0.628125 0.5013888888888889 0.052083333333333336 0.05555555555555555
0 0.48020833333333335 0.3333333333333333 0.016666666666666666 0.022222222222222223
0 0.60625 0.5611111111111111 0.0375 0.06944444444444445
0 0.5072916666666667 0.20833333333333334 0.020833333333333332 0.03333333333333333
0 0.528125 0.21388888888888888 0.027083333333333334 0.03333333333333333
0 0.6552083333333333 0.9694444444444444 0.035416666666666666 0.044444444444444446
0 0.7333333333333333 0.9888888888888889 0.041666666666666664 0.06111111111111111
0 0.6916666666666667 0.7763888888888889 0.029166666666666667 0.058333333333333334
0 0.659375 0.8152777777777778 0.014583333333333334 0.041666666666666664
0 0.7697916666666667 0.9347222222222222 0.0375 0.03611111111111111
0 0.7322916666666667 0.8027777777777778 0.03125 0.07777777777777778
0 0.7645833333333333 0.8916666666666667 0.05 0.03333333333333333
0 0.7729166666666667 0.8388888888888889 0.022916666666666665 0.03888888888888889
0 0.27708333333333335 0.14305555555555555 0.022916666666666665 0.030555555555555555
0 0.1875 0.625 0.020833333333333332 0.03611111111111111
0 0.5177083333333333 0.4388888888888889 0.03125 0.04722222222222222
0 0.16666666666666666 0.2125 0.025 0.06944444444444445
0 0.98125 0.3388888888888889 0.027083333333333334 0.044444444444444446
0 0.9760416666666667 0.30277777777777776 0.03333333333333333 0.08333333333333333
0 0.8875 0.034722222222222224 0.027083333333333334 0.05277777777777778
0 0.921875 0.044444444444444446 0.03333333333333333 0.022222222222222223
0 0.9166666666666666 0.013888888888888888 0.04375 0.022222222222222223
0 0.7895833333333333 0.06666666666666667 0.03958333333333333 0.05
0 0.8760416666666667 0.6930555555555555 0.029166666666666667 0.04722222222222222
0 0.27291666666666664 0.7958333333333333 0.03125 0.04722222222222222
0 0.5854166666666667 0.8916666666666667 0.03333333333333333 0.03333333333333333
0 0.6166666666666667 0.8888888888888888 0.0375 0.03888888888888889
0 0.6072916666666667 0.8347222222222223 0.027083333333333334 0.058333333333333334
0 0.9802083333333333 0.1375 0.025 0.04722222222222222
0 0.659375 0.12638888888888888 0.03958333333333333 0.04722222222222222
0 0.6885416666666667 0.9708333333333333 0.014583333333333334 0.04722222222222222
