0 0.415625 0.03611111111111111 0.05 0.06388888888888888
0 0.628125 0.22361111111111112 0.04791666666666667 0.05
0 0.9645833333333333 0.3388888888888889 0.035416666666666666 0.06944444444444445
0 0.16770833333333332 0.48194444444444445 0.022916666666666665 0.03611111111111111
0 0.005208333333333333 0.2625 0.03333333333333333 0.03333333333333333
0 0.846875 0.38333333333333336 0.03333333333333333 0.05555555555555555
0 0.2875 0.925 0.03958333333333333 0.04722222222222222
0 0.209375 0.6847222222222222 0.03125 0.03333333333333333
0 0.19375 0.9722222222222222 0.029166666666666667 0.03611111111111111
0 0.490625 0.8194444444444444 0.03333333333333333 0.03611111111111111
0 0.4552083333333333 0.9527777777777777 0.016666666666666666 0.025
0 0.03333333333333333 0.6013888888888889 0.03333333333333333 0.041666666666666664
0 0.48125 0.5597222222222222 0.022916666666666665 0.041666666666666664
0 0.865625 0.5013888888888889 0.029166666666666667 0.03611111111111111
0 0.8604166666666667 0.10138888888888889 0.027083333333333334 0.05
0 0.6479166666666667 0.28055555555555556 0.029166666666666667 0.030555555555555555
0 0.4166666666666667 0.20555555555555555 0.03125 0.03611111111111111
0 0.10520833333333333 0.9180555555555555 0.027083333333333334 0.027777777777777776
0 0.13229166666666667 0.9 0.022916666666666665 0.041666666666666664
0 0.24166666666666667 0.8583333333333333 0.029166666666666667 0.030555555555555555
0 0.24166666666666667 0.9083333333333333 0.029166666666666667 0.041666666666666664
0 0.5385416666666667 0.9263888888888889 0.01875 0.05
0 0.5979166666666667 0.9097222222222222 0.020833333333333332 0.03333333333333333
0 0.6979166666666666 0.8541666666666666 0.016666666666666666 0.027777777777777776
0 0.7177083333333333 0.9444444444444444 0.027083333333333334 0.03611111111111111
0 0.5854166666666667 0.7361111111111112 0.025 0.04722222222222222
0 0.69375 0.6527777777777778 0.03333333333333333 0.044444444444444446
0 0.6135416666666667 0.7027777777777777 0.027083333333333334 0.04722222222222222
0 0.2864583333333333 0.44027777777777777 0.025 0.041666666666666664
0 0.290625 0.48055555555555557 0.020833333333333332 0.022222222222222223
0 0.16770833333333332 0.03333333333333333 0.027083333333333334 0.04722222222222222
0 0.5583333333333333 0.4652777777777778 0.041666666666666664 0.06388888888888888
0 0.5885416666666666 0.4444444444444444 0.01875 0.03333333333333333
0 0.5677083333333334 0.08611111111111111 0.027083333333333334 0.058333333333333334
0 0.7208333333333333 0.05 0.020833333333333332 0.041666666666666664
0 0.540625 0.1625 0.027083333333333334 0.044444444444444446
0 0.8572916666666667 0.05 0.029166666666666667 0.041666666666666664
0 0.840625 0.08333333333333333 0.03333333333333333 0.041666666666666664
0 0.815625 0.058333333333333334 0.0375 0.041666666666666664
0 0.8020833333333334 0.22777777777777777 0.01875 0.03611111111111111
0 0.44583333333333336 0.1361111111111111 0.035416666666666666 0.058333333333333334
0 0.159375 0.3125 0.03125 0.03333333333333333
0 0.8916666666666667 0.2902777777777778 0.022916666666666665 0.022222222222222223
0 0.9354166666666667 0.35138888888888886 0.03958333333333333 0.06111111111111111
0 0.40520833333333334 0.34305555555555556 0.0375 0.05
