0 0.20625 0.08055555555555556 0.06666666666666667 0.11388888888888889
0 0.7083333333333334 0.5388888888888889 0.07083333333333333 0.07222222222222222
0 0.728125 0.3638888888888889 0.06041666666666667 0.06388888888888888
0 0.8697916666666666 0.375 0.0375 0.05
0 0.3541666666666667 0.06805555555555555 0.04791666666666667 0.09444444444444444
0 0.6864583333333333 0.6611111111111111 0.04791666666666667 0.07222222222222222
0 0.6520833333333333 0.6416666666666667 0.020833333333333332 0.03333333333333333
0 0.3572916666666667 0.7555555555555555 0.041666666666666664 0.06388888888888888
0 0.3260416666666667 0.75 0.04583333333333333 0.06388888888888888
0 0.234375 0.9319444444444445 0.03125 0.03333333333333333
0 0.36770833333333336 0.9444444444444444 0.041666666666666664 0.05277777777777778
0 0.04895833333333333 0.4152777777777778 0.05625 0.08055555555555556
0 0.425 0.33055555555555555 0.04791666666666667 0.06944444444444445
0 0.020833333333333332 0.7777777777777778 0.041666666666666664 0.06388888888888888
0 0.31145833333333334 0.9305555555555556 0.020833333333333332 0.03611111111111111
0 0.23125 0.7638888888888888 0.05 0.058333333333333334
0 0.7947916666666667 0.25277777777777777 0.025 0.058333333333333334
0 0.225 0.5263888888888889 0.041666666666666664 0.041666666666666664
0 0.12291666666666666 0.7333333333333333 0.029166666666666667 0.030555555555555555
0 0.25625 0.8888888888888888 0.020833333333333332 0.03611111111111111
0 0.06666666666666667 0.9138888888888889 0.029166666666666667 0.041666666666666664
0 0.8833333333333333 0.5680555555555555 0.035416666666666666 0.04722222222222222
0 0.8395833333333333 0.5847222222222223 0.03958333333333333 0.04722222222222222
0 0.9572916666666667 0.6888888888888889 0.025 0.07222222222222222
0 0.9260416666666667 0.6972222222222222 0.029166666666666667 0.05277777777777778
0 0.5697916666666667 0.8416666666666667 0.03958333333333333 0.058333333333333334
0 0.5208333333333334 0.9791666666666666 0.06041666666666667 0.03888888888888889
0 0.9614583333333333 0.011111111111111112 0.03333333333333333 0.06666666666666667
0 0.565625 0.4125 0.04791666666666667 0.075
0 0.5395833333333333 0.6055555555555555 0.029166666666666667 0.03888888888888889
0 0.33958333333333335 0.32222222222222224 0.03958333333333333 0.04722222222222222
0 0.32083333333333336 0.34444444444444444 0.022916666666666665 0.04722222222222222
0 0.753125 0.8819444444444444 0.014583333333333334 0.03888888888888889
0 0.903125 0.8930555555555556 0.025 0.05555555555555555
0 0.023958333333333335 0.6277777777777778 0.04375 0.06111111111111111
0 0.596875 0.0625 0.022916666666666665 0.044444444444444446
0 0.08229166666666667 0.5069444444444444 0.03958333333333333 0.058333333333333334
0 0.4895833333333333 0.16111111111111112 0.035416666666666666 0.04722222222222222
0 0.5541666666666667 0.09444444444444444 0.029166666666666667 0.058333333333333334
