0 0.03854166666666667 0.4736111111111111 0.052083333333333336 0.08333333333333333
0 0.5041666666666667 0.09027777777777778 0.08541666666666667 0.08611111111111111
0 0.521875 0.7472222222222222 0.07916666666666666 0.12222222222222222
0 0.5125 0.6722222222222223 0.05625 0.06388888888888888
0 0.5708333333333333 0.6777777777777778 0.0375 0.075
0 0.5260416666666666 0.6041666666666666 0.035416666666666666 0.05555555555555555
0 0.3697916666666667 0.4583333333333333 0.05416666666666667 0.05277777777777778
0 0.004166666666666667 0.5319444444444444 0.04791666666666667 0.08888888888888889
0 0.353125 0.9986111111111111 0.05 0.06944444444444445
0 0.013541666666666667 0.9527777777777777 0.05416666666666667 0.1111111111111111
0 0.09479166666666666 0.7611111111111111 0.03125 0.08888888888888889
0 0.5385416666666667 0.475 0.052083333333333336 0.06388888888888888
0 0.7072916666666667 0.34305555555555556 0.06875 0.075
0 0.6989583333333333 0.24027777777777778 0.04375 0.10277777777777777
0 0.7447916666666666 0.2569444444444444 0.052083333333333336 0.08611111111111111
0 0.4510416666666667 0.19027777777777777 0.07916666666666666 0.09166666666666666
0 0.4354166666666667 0.11666666666666667 0.06041666666666667 0.044444444444444446
0 0.2875 0.1125 0.03125 0.08611111111111111
0 0.24375 0.12361111111111112 0.05 0.058333333333333334
0 0.23645833333333333 0.1597222222222222 0.06458333333333334 0.075
0 0.29270833333333335 0.44583333333333336 0.029166666666666667 0.05555555555555555
0 0.96875 0.42916666666666664 0.04791666666666667 0.09444444444444444
0 0.7958333333333333 0.8222222222222222 0.03125 0.06111111111111111
0 0.7958333333333333 0.85 0.04375 0.06111111111111111
0 0.7875 0.9097222222222222 0.05625 0.041666666666666664
0 0.659375 0.7180555555555556 0.035416666666666666 0.06388888888888888
0 0.7541666666666667 0.48333333333333334 0.07916666666666666 0.08611111111111111
0 0.07604166666666666 0.4638888888888889 0.035416666666666666 0.03611111111111111
0 0.09479166666666666 0.4236111111111111 0.035416666666666666 0.044444444444444446
0 0.18333333333333332 0.6625 0.029166666666666667 0.044444444444444446
0 0.5697916666666667 0.1388888888888889 0.07291666666666667 0.10555555555555556
0 0.6375 0.14027777777777778 0.05416666666666667 0.09722222222222222
0 0.359375 0.26944444444444443 0.0375 0.044444444444444446
0 0.042708333333333334 0.08194444444444444 0.03125 0.041666666666666664
0 0.59375 0.3819444444444444 0.03333333333333333 0.05
0 0.26145833333333335 0.29583333333333334 0.03125 0.025
