0 0.221875 0.4736111111111111 0.035416666666666666 0.058333333333333334
0 0.06354166666666666 0.7291666666666666 0.035416666666666666 0.05555555555555555
0 0.071875 0.8194444444444444 0.027083333333333334 0.041666666666666664
0 0.6416666666666667 0.16111111111111112 0.06666666666666667 0.09166666666666666
0 0.7822916666666667 0.20416666666666666 0.03333333333333333 0.044444444444444446
0 0.5958333333333333 0.3680555555555556 0.05 0.07777777777777778
0 0.8770833333333333 0.3902777777777778 0.08125 0.09166666666666666
0 0.5614583333333333 0.7444444444444445 0.03958333333333333 0.06388888888888888
0 0.6760416666666667 0.5763888888888888 0.01875 0.04722222222222222
0 0.6125 0.6777777777777778 0.04583333333333333 0.05555555555555555
0 0.2708333333333333 0.5333333333333333 0.035416666666666666 0.03888888888888889
0 0.30104166666666665 0.125 0.04583333333333333 0.11388888888888889
0 0.2625 0.10277777777777777 0.0375 0.08055555555555556
0 0.42916666666666664 0.02361111111111111 0.052083333333333336 0.075
0 0.5041666666666667 0.17916666666666667 0.014583333333333334 0.03888888888888889
0 0.553125 0.1736111111111111 0.04375 0.044444444444444446
0 0.7229166666666667 0.17083333333333334 0.029166666666666667 0.05555555555555555
0 0.69375 0.19305555555555556 0.03333333333333333 0.044444444444444446
0 0.8010416666666667 0.31666666666666665 0.025 0.075
0 0.4166666666666667 0.5847222222222223 0.035416666666666666 0.06388888888888888
0 0.38229166666666664 0.5472222222222223 0.029166666666666667 0.03333333333333333
0 0.03958333333333333 0.3277777777777778 0.05 0.05277777777777778
0 0.19583333333333333 0.19305555555555556 0.04583333333333333 0.06666666666666667
0 0.23020833333333332 0.3819444444444444 0.035416666666666666 0.06388888888888888
0 0.45416666666666666 0.4847222222222222 0.03958333333333333 0.05277777777777778
0 0.3885416666666667 0.8486111111111111 0.03333333333333333 0.05555555555555555
0 0.7989583333333333 0.5583333333333333 0.0375 0.05555555555555555
0 0.446875 0.8166666666666667 0.04583333333333333 0.04722222222222222
0 0.4114583333333333 0.11527777777777778 0.029166666666666667 0.05555555555555555
0 0.7416666666666667 0.675 0.029166666666666667 0.06666666666666667
0 0.553125 0.5527777777777778 0.04791666666666667 0.05
0 0.42083333333333334 0.16805555555555557 0.03958333333333333 0.022222222222222223
0 0.6125 0.9236111111111112 0.03333333333333333 0.07222222222222222
0 0.46770833333333334 0.875 0.041666666666666664 0.058333333333333334
0 0.94375 0.11805555555555555 0.04375 0.044444444444444446
0 0.771875 0.6097222222222223 0.08125 0.09722222222222222
0 0.14166666666666666 0.175 0.05416666666666667 0.06388888888888888
0 0.12291666666666666 0.23333333333333334 0.0375 0.04722222222222222
0 0.10520833333333333 0.28888888888888886 0.035416666666666666 0.058333333333333334
