0 0.07083333333333333 0.22083333333333333 0.05 0.06388888888888888
0 0.4895833333333333 0.3416666666666667 0.09375 0.12777777777777777
0 0.16770833333333332 0.07083333333333333 0.04791666666666667 0.058333333333333334
0 0.15208333333333332 0.2375 0.03333333333333333 0.04722222222222222
0 0.08333333333333333 0.06527777777777778 0.04583333333333333 0.03611111111111111
0 0.715625 0.09305555555555556 0.03125 0.06388888888888888
0 0.946875 0.6347222222222222 0.0875 0.1111111111111111
0 0.7395833333333334 0.9847222222222223 0.07083333333333333 0.06388888888888888
0 0.86875 0.5527777777777778 0.04375 0.06388888888888888
0 0.9552083333333333 0.14722222222222223 0.058333333333333334 0.07222222222222222
0 0.41770833333333335 0.6944444444444444 0.058333333333333334 0.06388888888888888
0 0.4083333333333333 0.7541666666666667 0.04791666666666667 0.041666666666666664
0 0.38958333333333334 0.7875 0.052083333333333336 0.058333333333333334
0 0.4635416666666667 0.8305555555555556 0.05416666666666667 0.06111111111111111
0 0.6125 0.8347222222222223 0.029166666666666667 0.058333333333333334
0 0.8635416666666667 0.21388888888888888 0.041666666666666664 0.05
0 0.2635416666666667 0.375 0.05625 0.06388888888888888
0 0.37604166666666666 0.5791666666666667 0.07083333333333333 0.07777777777777778
0 0.9625 0.75 0.04375 0.05
0 0.030208333333333334 0.9805555555555555 0.027083333333333334 0.06666666666666667
0 0.013541666666666667 0.9916666666666667 0.027083333333333334 0.07777777777777778
0 0.8479166666666667 0.05694444444444444 0.06458333333333334 0.04722222222222222
0 0.7729166666666667 0.022222222222222223 0.05 0.044444444444444446
0 0.7604166666666666 0.09861111111111111 0.03333333333333333 0.06388888888888888
0 0.24166666666666667 0.24166666666666667 0.03333333333333333 0.03333333333333333
0 0.515625 0.675 0.03125 0.03611111111111111
0 0.07291666666666667 0.7569444444444444 0.03333333333333333 0.05277777777777778
0 0.23958333333333334 0.8861111111111111 0.0375 0.07222222222222222
0 0.08020833333333334 0.9277777777777778 0.04791666666666667 0.07777777777777778
0 0.95625 0.4305555555555556 0.04791666666666667 0.04722222222222222
