0 0.21666666666666667 0.14027777777777778 0.0375 0.05277777777777778
0 0.6083333333333333 0.15 0.07083333333333333 0.12222222222222222
0 0.640625 0.1111111111111111 0.052083333333333336 0.09444444444444444
0 0.5395833333333333 0.8472222222222222 0.05 0.07777777777777778
0 0.56875 0.7875 0.0625 0.06388888888888888
0 0.19375 0.6875 0.09583333333333334 0.1388888888888889
0 0.12916666666666668 0.7027777777777777 0.0875 0.11944444444444445
0 0.4354166666666667 0.15138888888888888 0.03125 0.05277777777777778
0 0.4 0.17083333333333334 0.035416666666666666 0.06388888888888888
0 0.2947916666666667 0.49722222222222223 0.05 0.06388888888888888
0 0.4979166666666667 0.041666666666666664 0.06041666666666667 0.06666666666666667
0 0.5947916666666667 0.04583333333333333 0.04375 0.058333333333333334
0 0.8677083333333333 0.3013888888888889 0.041666666666666664 0.08055555555555556
0 0.9697916666666667 0.4097222222222222 0.029166666666666667 0.05
0 0.9666666666666667 0.45694444444444443 0.03958333333333333 0.06111111111111111
0 0.3260416666666667 0.6638888888888889 0.0375 0.06388888888888888
0 0.2916666666666667 0.6666666666666666 0.052083333333333336 0.075
0 0.46770833333333334 0.7111111111111111 0.0375 0.044444444444444446
0 0.32083333333333336 0.7444444444444445 0.06875 0.06666666666666667
0 0.41354166666666664 0.24166666666666667 0.020833333333333332 0.03888888888888889
0 0.115625 0.10833333333333334 0.052083333333333336 0.03888888888888889
0 0.030208333333333334 0.7833333333333333 0.035416666666666666 0.044444444444444446
0 0.9177083333333333 0.07083333333333333 0.029166666666666667 0.058333333333333334
0 0.8364583333333333 0.5569444444444445 0.05416666666666667 0.08888888888888889
0 0.2989583333333333 0.11666666666666667 0.041666666666666664 0.044444444444444446
0 0.2708333333333333 0.8444444444444444 0.058333333333333334 0.07222222222222222
0 0.7135416666666666 0.7555555555555555 0.03958333333333333 0.06111111111111111
0 0.9489583333333333 0.9777777777777777 0.029166666666666667 0.03888888888888889
0 0.6614583333333334 0.2875 0.06041666666666667 0.06388888888888888
0 0.715625 0.9555555555555556 0.04375 0.05555555555555555
0 0.978125 0.7027777777777777 0.0125 0.05555555555555555
0 0.49375 0.7944444444444444 0.01875 0.03888888888888889
0 0.041666666666666664 0.5458333333333333 0.0375 0.06111111111111111
0 0.7697916666666667 0.6263888888888889 0.0375 0.06666666666666667
0 0.016666666666666666 0.3861111111111111 0.03333333333333333 0.06388888888888888
