0 0.7604166666666666 0.2 0.05 0.06111111111111111
0 0.30416666666666664 0.6777777777777778 0.07708333333333334 0.09166666666666666
0 0.3458333333333333 0.7888888888888889 0.05625 0.05
0 0.10833333333333334 0.4986111111111111 0.0375 0.03888888888888889
0 0.058333333333333334 0.5083333333333333 0.0375 0.06388888888888888
0 0.15833333333333333 0.2388888888888889 0.025 0.06111111111111111
0 0.09270833333333334 0.20972222222222223 0.022916666666666665 0.03611111111111111
0 0.6489583333333333 0.37222222222222223 0.06041666666666667 0.075
0 0.9 0.4527777777777778 0.04791666666666667 0.058333333333333334
0 0.6166666666666667 0.9958333333333333 0.029166666666666667 0.058333333333333334
0 0.596875 0.7583333333333333 0.052083333333333336 0.08333333333333333
0 0.5083333333333333 0.5597222222222222 0.05625 0.06666666666666667
0 0.9364583333333333 0.6305555555555555 0.07083333333333333 0.08055555555555556
0 0.9166666666666666 0.8680555555555556 0.04375 0.06944444444444445
0 0.36875 0.06805555555555555 0.04791666666666667 0.04722222222222222
0 0.6385416666666667 0.5875 0.04791666666666667 0.06666666666666667
0 0.678125 0.7375 0.03125 0.041666666666666664
0 0.26979166666666665 0.7819444444444444 0.03333333333333333 0.03611111111111111
0 0.21979166666666666 0.875 0.035416666666666666 0.03888888888888889
0 0.06666666666666667 0.9777777777777777 0.025 0.022222222222222223
0 0.7375 0.9930555555555556 0.03333333333333333 0.030555555555555555
0 0.7375 0.7902777777777777 0.029166666666666667 0.03611111111111111
0 0.46875 0.7138888888888889 0.052083333333333336 0.05555555555555555
0 0.37604166666666666 0.2972222222222222 0.05 0.07777777777777778
0 0.165625 0.3527777777777778 0.04791666666666667 0.05555555555555555
0 0.3385416666666667 0.875 0.0375 0.05
0 0.9135416666666667 0.3861111111111111 0.04583333333333333 0.05277777777777778
0 0.646875 0.6597222222222222 0.06041666666666667 0.05555555555555555
0 0.7927083333333333 0.1486111111111111 0.041666666666666664 0.075
0 0.9677083333333333 0.38055555555555554 0.041666666666666664 0.058333333333333334
0 0.7083333333333334 0.8638888888888889 0.0375 0.044444444444444446
