0 0.2484375 0.3347222222222222 0.08854166666666667 0.1361111111111111
0 0.18333333333333332 0.6861111111111111 0.10416666666666667 0.12222222222222222
0 0.15104166666666666 0.8055555555555556 0.07708333333333334 0.075
0 0.20833333333333334 0.7625 0.05 0.06111111111111111
0 0.2916666666666667 0.6736111111111112 0.052083333333333336 0.058333333333333334
0 0.2552083333333333 0.6708333333333333 0.035416666666666666 0.09166666666666666
0 0.22708333333333333 0.5777777777777777 0.041666666666666664 0.06666666666666667
0 0.0875 0.3472222222222222 0.04583333333333333 0.058333333333333334
0 0.090625 0.4111111111111111 0.05625 0.06111111111111111
0 0.6197916666666666 0.4111111111111111 0.07291666666666667 0.10555555555555556
0 0.5041666666666667 0.4847222222222222 0.04375 0.08055555555555556
0 0.5552083333333333 0.4777777777777778 0.04375 0.07222222222222222
0 0.3885416666666667 0.48055555555555557 0.041666666666666664 0.07222222222222222
0 0.665625 0.5736111111111111 0.06875 0.09166666666666666
0 0.71875 0.7527777777777778 0.029166666666666667 0.06388888888888888
0 0.6989583333333333 0.7944444444444444 0.04375 0.04722222222222222
0 0.6677083333333333 0.6805555555555556 0.03125 0.05555555555555555
0 0.653125 0.7833333333333333 0.035416666666666666 0.04722222222222222
0 0.3770833333333333 0.7402777777777778 0.03125 0.05
0 0.8729166666666667 0.475 0.03958333333333333 0.06666666666666667
0 0.84375 0.5916666666666667 0.03958333333333333 0.06111111111111111
0 0.7677083333333333 0.20277777777777778 0.03333333333333333 0.058333333333333334
0 0.7822916666666667 0.24027777777777778 0.0375 0.03333333333333333
0 0.66875 0.22361111111111112 0.0375 0.05
0 0.7333333333333333 0.21666666666666667 0.0375 0.05277777777777778
0 0.7072916666666667 0.1763888888888889 0.035416666666666666 0.05
0 0.6989583333333333 0.2263888888888889 0.022916666666666665 0.044444444444444446
0 0.6854166666666667 0.1875 0.0375 0.05555555555555555
0 0.6927083333333334 0.475 0.052083333333333336 0.08333333333333333
0 0.7875 0.3888888888888889 0.03125 0.06666666666666667
0 0.29270833333333335 0.725 0.029166666666666667 0.03611111111111111
0 0.73125 0.2902777777777778 0.06666666666666667 0.044444444444444446
0 0.09583333333333334 0.011111111111111112 0.029166666666666667 0.044444444444444446
0 0.06145833333333333 0.009722222222222222 0.035416666666666666 0.03611111111111111
0 0.765625 0.03194444444444444 0.025 0.027777777777777776
0 0.790625 0.044444444444444446 0.025 0.03611111111111111
0 0.5427083333333333 0.6666666666666666 0.03958333333333333 0.06666666666666667
0 0.6177083333333333 0.1486111111111111 0.03125 0.05555555555555555
