0 0.16145833333333334 0.5597222222222222 0.07291666666666667 0.09444444444444444
0 0.240625 0.7625 0.05625 0.06944444444444445
0 0.8354166666666667 0.4652777777777778 0.07708333333333334 0.09444444444444444
0 0.8083333333333333 0.7319444444444444 0.06041666666666667 0.06944444444444445
0 0.7895833333333333 0.8361111111111111 0.035416666666666666 0.044444444444444446
0 0.125 0.7402777777777778 0.041666666666666664 0.04722222222222222
0 0.14270833333333333 0.7013888888888888 0.04375 0.06388888888888888
0 0.3729166666666667 0.07222222222222222 0.03958333333333333 0.05
0 0.42604166666666665 0.9944444444444445 0.0375 0.044444444444444446
0 0.5208333333333334 0.9472222222222222 0.05625 0.07222222222222222
0 0.5135416666666667 0.8916666666666667 0.03333333333333333 0.05
0 0.240625 0.9055555555555556 0.052083333333333336 0.044444444444444446
0 0.203125 0.975 0.022916666666666665 0.05
0 0.1625 0.9763888888888889 0.029166666666666667 0.041666666666666664
0 0.3145833333333333 0.46111111111111114 0.052083333333333336 0.04722222222222222
0 0.3229166666666667 0.4986111111111111 0.04375 0.044444444444444446
0 0.2375 0.5305555555555556 0.029166666666666667 0.058333333333333334
0 0.40520833333333334 0.9375 0.029166666666666667 0.04722222222222222
0 0.3729166666666667 0.9402777777777778 0.03125 0.058333333333333334
0 0.928125 0.6277777777777778 0.05 0.09166666666666666
0 0.6958333333333333 0.8055555555555556 0.0375 0.06666666666666667
0 0.68125 0.8555555555555555 0.029166666666666667 0.07222222222222222
0 0.734375 0.8430555555555556 0.03125 0.04722222222222222
0 0.8885416666666667 0.8638888888888889 0.029166666666666667 0.03333333333333333
0 0.178125 0.6708333333333333 0.03125 0.06666666666666667
0 0.4395833333333333 0.775 0.04791666666666667 0.03888888888888889
0 0.6010416666666667 0.23194444444444445 0.03958333333333333 0.08055555555555556
0 0.3645833333333333 0.24166666666666667 0.04375 0.07222222222222222
0 0.4354166666666667 0.2652777777777778 0.05625 0.075
0 0.5427083333333333 0.39166666666666666 0.035416666666666666 0.058333333333333334
0 0.54375 0.4361111111111111 0.0375 0.06388888888888888
0 0.30625 0.0375 0.03125 0.041666666666666664
0 0.8041666666666667 0.09861111111111111 0.027083333333333334 0.05277777777777778
0 0.8583333333333333 0.11388888888888889 0.035416666666666666 0.07777777777777778
0 0.534375 0.7291666666666666 0.04791666666666667 0.058333333333333334
0 0.525 0.6569444444444444 0.041666666666666664 0.07777777777777778
0 0.4947916666666667 0.43194444444444446 0.03333333333333333 0.03888888888888889
0 0.4510416666666667 0.38472222222222224 0.025 0.03888888888888889
0 0.20729166666666668 0.4222222222222222 0.035416666666666666 0.04722222222222222
