0 0.08229166666666667 0.49722222222222223 0.07708333333333334 0.1
0 0.12916666666666668 0.4652777777777778 0.0625 0.06944444444444445
0 0.23541666666666666 0.7291666666666666 0.05 0.05555555555555555
0 0.23854166666666668 0.5583333333333333 0.07708333333333334 0.1111111111111111
0 0.17604166666666668 0.8763888888888889 0.06458333333333334 0.08333333333333333
0 0.06770833333333333 0.5763888888888888 0.04375 0.03611111111111111
0 0.04895833333333333 0.25555555555555554 0.052083333333333336 0.05277777777777778
0 0.011458333333333333 0.12222222222222222 0.029166666666666667 0.025
0 0.016666666666666666 0.14583333333333334 0.020833333333333332 0.027777777777777776
0 0.2875 0.1 0.04791666666666667 0.041666666666666664
0 0.5416666666666666 0.4736111111111111 0.058333333333333334 0.06944444444444445
0 0.5864583333333333 0.30972222222222223 0.052083333333333336 0.044444444444444446
0 0.75625 0.3597222222222222 0.058333333333333334 0.04722222222222222
0 0.49375 0.525 0.03958333333333333 0.06111111111111111
0 0.30104166666666665 0.5319444444444444 0.03333333333333333 0.06388888888888888
0 0.6864583333333333 0.2263888888888889 0.022916666666666665 0.06111111111111111
0 0.8760416666666667 0.24305555555555555 0.05416666666666667 0.08888888888888889
0 0.8625 0.3055555555555556 0.06041666666666667 0.06388888888888888
0 0.6364583333333333 0.05 0.05625 0.06944444444444445
0 0.9520833333333333 0.4125 0.09375 0.16666666666666666
0 0.90625 0.4097222222222222 0.05625 0.08611111111111111
0 0.9302083333333333 0.5083333333333333 0.058333333333333334 0.1
0 0.9041666666666667 0.7166666666666667 0.05625 0.08055555555555556
0 0.9708333333333333 0.7180555555555556 0.03958333333333333 0.1
0 0.853125 0.7625 0.016666666666666666 0.044444444444444446
0 0.8010416666666667 0.7333333333333333 0.029166666666666667 0.04722222222222222
0 0.8072916666666666 0.6916666666666667 0.041666666666666664 0.03611111111111111
0 0.8541666666666666 0.9819444444444444 0.05625 0.03333333333333333
0 0.11354166666666667 0.8458333333333333 0.01875 0.05
0 0.6229166666666667 0.3388888888888889 0.029166666666666667 0.058333333333333334
0 0.8458333333333333 0.8625 0.03125 0.044444444444444446
0 0.7541666666666667 0.9402777777777778 0.05416666666666667 0.044444444444444446
0 0.4875 0.9555555555555556 0.027083333333333334 0.041666666666666664
0 0.9739583333333334 0.09305555555555556 0.05 0.08333333333333333
0 0.43020833333333336 0.016666666666666666 0.04583333333333333 0.044444444444444446
0 0.178125 0.0125 0.052083333333333336 0.030555555555555555
0 0.16354166666666667 0.05 0.05625 0.041666666666666664
0 0.821875 0.075 0.020833333333333332 0.058333333333333334
0 0.70625 0.034722222222222224 0.025 0.044444444444444446
0 0.484375 0.35833333333333334 0.0625 0.08055555555555556
0 0.46458333333333335 0.4097222222222222 0.04791666666666667 0.041666666666666664
0 0.38645833333333335 0.26666666666666666 0.025 0.030555555555555555
