0 0.10520833333333333 0.1 0.06458333333333334 0.08888888888888889
0 0.16041666666666668 0.21388888888888888 0.041666666666666664 0.044444444444444446
0 0.1375 0.23333333333333334 0.041666666666666664 0.044444444444444446
0 0.058333333333333334 0.5680555555555555 0.07083333333333333 0.08888888888888889
0 0.20520833333333333 0.44583333333333336 0.04791666666666667 0.05555555555555555
0 0.31979166666666664 0.37777777777777777 0.058333333333333334 0.04722222222222222
0 0.31354166666666666 0.5361111111111111 0.04583333333333333 0.05277777777777778
0 0.028125 0.9097222222222222 0.035416666666666666 0.04722222222222222
0 0.32708333333333334 0.9125 0.04375 0.06388888888888888
0 0.12395833333333334 0.9708333333333333 0.05625 0.06388888888888888
0 0.1625 0.5930555555555556 0.03333333333333333 0.044444444444444446
0 0.4197916666666667 0.5722222222222222 0.025 0.03611111111111111
0 0.3260416666666667 0.10416666666666667 0.06666666666666667 0.08611111111111111
0 0.36875 0.1361111111111111 0.01875 0.027777777777777776
0 0.4583333333333333 0.05694444444444444 0.027083333333333334 0.04722222222222222
0 0.4239583333333333 0.03333333333333333 0.0375 0.05555555555555555
0 0.9979166666666667 0.16666666666666666 0.035416666666666666 0.05555555555555555
0 0.9635416666666666 0.2763888888888889 0.025 0.04722222222222222
0 0.12291666666666666 0.8291666666666667 0.041666666666666664 0.030555555555555555
0 0.7385416666666667 0.7083333333333334 0.052083333333333336 0.06111111111111111
0 0.23541666666666666 0.9875 0.06666666666666667 0.08055555555555556
0 0.6479166666666667 0.8013888888888889 0.0375 0.04722222222222222
0 0.6541666666666667 0.5791666666666667 0.029166666666666667 0.027777777777777776
0 0.8625 0.6652777777777777 0.052083333333333336 0.05555555555555555
0 0.396875 0.17222222222222222 0.0375 0.027777777777777776
0 0.40208333333333335 0.7111111111111111 0.035416666666666666 0.044444444444444446
0 0.878125 0.49722222222222223 0.041666666666666664 0.058333333333333334
0 0.84375 0.5597222222222222 0.022916666666666665 0.027777777777777776
0 0.865625 0.5638888888888889 0.029166666666666667 0.025
0 0.6916666666666667 0.2125 0.041666666666666664 0.04722222222222222
0 0.5645833333333333 0.33194444444444443 0.025 0.041666666666666664
0 0.6583333333333333 0.8972222222222223 0.020833333333333332 0.03333333333333333
0 0.7697916666666667 0.8680555555555556 0.0375 0.05277777777777778
0 0.921875 0.11944444444444445 0.029166666666666667 0.06666666666666667
0 0.7802083333333333 0.48333333333333334 0.05416666666666667 0.075
