0 0.12291666666666666 0.11666666666666667 0.05416666666666667 0.06666666666666667
0 0.42916666666666664 0.4722222222222222 0.06458333333333334 0.10277777777777777
0 0.011458333333333333 0.44722222222222224 0.06666666666666667 0.08055555555555556
0 0.0020833333333333333 0.6055555555555555 0.052083333333333336 0.058333333333333334
0 0.22916666666666666 0.49166666666666664 0.05416666666666667 0.04722222222222222
0 0.23854166666666668 0.5361111111111111 0.04375 0.030555555555555555
0 0.19583333333333333 0.5888888888888889 0.058333333333333334 0.08055555555555556
0 0.03958333333333333 0.6652777777777777 0.020833333333333332 0.03888888888888889
0 0.459375 0.9958333333333333 0.0625 0.11388888888888889
0 0.40208333333333335 0.9666666666666667 0.04375 0.07222222222222222
0 0.32916666666666666 0.9152777777777777 0.03125 0.058333333333333334
0 0.4822916666666667 0.5972222222222222 0.03333333333333333 0.06944444444444445
0 0.790625 0.38055555555555554 0.041666666666666664 0.06388888888888888
0 0.6197916666666666 0.6916666666666667 0.022916666666666665 0.03888888888888889
0 0.39791666666666664 0.7666666666666667 0.052083333333333336 0.05
0 0.8395833333333333 0.5277777777777778 0.01875 0.041666666666666664
0 0.5697916666666667 0.8111111111111111 0.03125 0.03888888888888889
0 0.5260416666666666 0.8694444444444445 0.027083333333333334 0.044444444444444446
0 0.5416666666666666 0.8472222222222222 0.03333333333333333 0.044444444444444446
0 0.07291666666666667 0.5263888888888889 0.0375 0.07222222222222222
0 0.10520833333333333 0.4847222222222222 0.04791666666666667 0.07777777777777778
0 0.465625 0.22083333333333333 0.04583333333333333 0.06388888888888888
0 0.65625 0.1375 0.029166666666666667 0.04722222222222222
0 0.7614583333333333 0.06388888888888888 0.027083333333333334 0.03888888888888889
0 0.728125 0.7041666666666667 0.035416666666666666 0.04722222222222222
0 0.6114583333333333 0.225 0.027083333333333334 0.027777777777777776
0 0.5822916666666667 0.2611111111111111 0.022916666666666665 0.044444444444444446
0 0.9520833333333333 0.5777777777777777 0.04375 0.06944444444444445
0 0.9666666666666667 0.6875 0.03958333333333333 0.06666666666666667
0 0.013541666666666667 0.325 0.027083333333333334 0.03888888888888889
0 0.40520833333333334 0.6263888888888889 0.0375 0.044444444444444446
0 0.340625 0.06111111111111111 0.016666666666666666 0.03333333333333333
0 0.934375 0.03333333333333333 0.03333333333333333 0.044444444444444446
0 0.8875 0.025 0.04375 0.03888888888888889
0 0.971875 0.16666666666666666 0.0375 0.044444444444444446
0 0.8916666666666667 0.24444444444444444 0.04791666666666667 0.05
0 0.16770833333333332 0.6680555555555555 0.04375 0.05555555555555555
