0 0.0640625 0.6298611111111111 0.051041666666666666 0.09305555555555556
0 0.07916666666666666 0.8097222222222222 0.0625 0.07222222222222222
0 0.10833333333333334 0.2513888888888889 0.04583333333333333 0.08333333333333333
0 0.33541666666666664 0.29305555555555557 0.07708333333333334 0.08888888888888889
0 0.31354166666666666 0.12916666666666668 0.058333333333333334 0.06666666666666667
0 0.18541666666666667 0.043055555555555555 0.041666666666666664 0.05
0 0.69375 0.7833333333333333 0.029166666666666667 0.04722222222222222
0 0.3375 0.8472222222222222 0.05625 0.05277777777777778
0 0.471875 0.4722222222222222 0.03333333333333333 0.05
0 0.13229166666666667 0.3486111111111111 0.027083333333333334 0.044444444444444446
0 0.5770833333333333 0.07083333333333333 0.04583333333333333 0.05
0 0.890625 0.7583333333333333 0.029166666666666667 0.06388888888888888
0 0.20520833333333333 0.9555555555555556 0.06041666666666667 0.06944444444444445
0 0.22291666666666668 0.8736111111111111 0.05416666666666667 0.06666666666666667
0 0.4479166666666667 0.9513888888888888 0.027083333333333334 0.05555555555555555
0 0.396875 0.8222222222222222 0.029166666666666667 0.08055555555555556
0 0.5020833333333333 0.4388888888888889 0.04375 0.03888888888888889
0 0.10520833333333333 0.30972222222222223 0.04375 0.044444444444444446
0 0.13229166666666667 0.3055555555555556 0.04375 0.030555555555555555
0 0.26666666666666666 0.9472222222222222 0.03125 0.03611111111111111
0 0.4583333333333333 0.7347222222222223 0.035416666666666666 0.05555555555555555
0 0.6833333333333333 0.8930555555555556 0.025 0.05555555555555555
0 0.25104166666666666 0.8361111111111111 0.04375 0.04722222222222222
0 0.7729166666666667 0.15555555555555556 0.058333333333333334 0.058333333333333334
0 0.91875 0.7722222222222223 0.022916666666666665 0.030555555555555555
0 0.9197916666666667 0.7458333333333333 0.016666666666666666 0.044444444444444446
0 0.9395833333333333 0.7541666666666667 0.014583333333333334 0.027777777777777776
0 0.6604166666666667 0.4652777777777778 0.07916666666666666 0.08055555555555556
0 0.5166666666666667 0.2388888888888889 0.04375 0.06388888888888888
0 0.12291666666666666 0.6472222222222223 0.04583333333333333 0.03888888888888889
0 0.08541666666666667 0.6763888888888889 0.06666666666666667 0.06944444444444445
0 0.09270833333333334 0.07361111111111111 0.03958333333333333 0.05
0 0.4875 0.9722222222222222 0.022916666666666665 0.05277777777777778
0 0.32916666666666666 0.5833333333333334 0.01875 0.03333333333333333
