0 0.13385416666666666 0.2013888888888889 0.06979166666666667 0.11666666666666667
0 0.5052083333333334 0.4652777777777778 0.05416666666666667 0.05277777777777778
0 0.5041666666666667 0.5305555555555556 0.052083333333333336 0.07222222222222222
0 0.75 0.36666666666666664 0.041666666666666664 0.044444444444444446
0 0.7770833333333333 0.41944444444444445 0.04375 0.05
0 0.3875 0.8013888888888889 0.04375 0.06111111111111111
0 0.16041666666666668 0.46111111111111114 0.04583333333333333 0.05555555555555555
0 0.146875 0.5152777777777777 0.05625 0.041666666666666664
0 0.31666666666666665 0.002777777777777778 0.035416666666666666 0.03888888888888889
0 0.22708333333333333 0.08194444444444444 0.041666666666666664 0.05
0 0.16145833333333334 0.12222222222222222 0.06041666666666667 0.06388888888888888
0 0.18854166666666666 0.15694444444444444 0.04375 0.044444444444444446
0 0.23020833333333332 0.13333333333333333 0.03958333333333333 0.06944444444444445
0 0.16979166666666667 0.19444444444444445 0.03125 0.03611111111111111
0 0.6177083333333333 0.9347222222222222 0.03125 0.05
0 0.6791666666666667 0.4013888888888889 0.029166666666666667 0.04722222222222222
0 0.91875 0.7111111111111111 0.03958333333333333 0.06388888888888888
0 0.76875 0.6444444444444445 0.05 0.05
0 0.753125 0.6875 0.052083333333333336 0.058333333333333334
0 0.37395833333333334 0.9638888888888889 0.020833333333333332 0.030555555555555555
0 0.43854166666666666 0.9597222222222223 0.029166666666666667 0.044444444444444446
0 0.5604166666666667 0.5722222222222222 0.029166666666666667 0.044444444444444446
0 0.6020833333333333 0.5319444444444444 0.0375 0.03611111111111111
0 0.6177083333333333 0.49444444444444446 0.022916666666666665 0.03333333333333333
0 0.996875 0.11666666666666667 0.07916666666666666 0.10833333333333334
0 0.91875 0.20555555555555555 0.03125 0.05277777777777778
0 0.91875 0.3236111111111111 0.035416666666666666 0.05
0 0.95 0.5069444444444444 0.03125 0.041666666666666664
0 0.4979166666666667 0.09722222222222222 0.04791666666666667 0.05277777777777778
0 0.5229166666666667 0.19305555555555556 0.029166666666666667 0.03333333333333333
0 0.46458333333333335 0.7 0.022916666666666665 0.03611111111111111
0 0.09583333333333334 0.4263888888888889 0.029166666666666667 0.05277777777777778
0 0.41458333333333336 0.24861111111111112 0.05625 0.05555555555555555
0 0.6208333333333333 0.3013888888888889 0.020833333333333332 0.027777777777777776
0 0.646875 0.31527777777777777 0.010416666666666666 0.027777777777777776
0 0.9989583333333333 0.4111111111111111 0.020833333333333332 0.03888888888888889
0 0.9802083333333333 0.5180555555555556 0.020833333333333332 0.03611111111111111
0 0.8864583333333333 0.9472222222222222 0.016666666666666666 0.041666666666666664
0 0.825 0.9041666666666667 0.01875 0.03888888888888889
0 0.8458333333333333 0.9180555555555555 0.027083333333333334 0.027777777777777776
0 0.56875 0.7972222222222223 0.020833333333333332 0.030555555555555555
0 0.8083333333333333 0.07916666666666666 0.052083333333333336 0.05
0 0.8166666666666667 0.8277777777777777 0.03958333333333333 0.041666666666666664
