0 0.46145833333333336 0.08888888888888889 0.04583333333333333 0.05555555555555555
0 0.21979166666666666 0.18333333333333332 0.035416666666666666 0.06111111111111111
0 0.515625 0.15 0.027083333333333334 0.03333333333333333
0 0.44895833333333335 0.16944444444444445 0.029166666666666667 0.044444444444444446
0 0.27708333333333335 0.0625 0.035416666666666666 0.05277777777777778
0 0.13541666666666666 0.5680555555555555 0.029166666666666667 0.05
0 0.365625 0.7013888888888888 0.025 0.04722222222222222
0 0.3260416666666667 0.4722222222222222 0.020833333333333332 0.03611111111111111
0 0.23229166666666667 0.5444444444444444 0.03958333333333333 0.04722222222222222
0 0.6239583333333333 0.10277777777777777 0.022916666666666665 0.03333333333333333
0 0.8979166666666667 0.04027777777777778 0.03125 0.030555555555555555
0 0.21666666666666667 0.6902777777777778 0.020833333333333332 0.03611111111111111
0 0.4322916666666667 0.6 0.029166666666666667 0.041666666666666664
0 0.96875 0.5666666666666667 0.03125 0.030555555555555555
0 0.35520833333333335 0.7819444444444444 0.03333333333333333 0.030555555555555555
0 0.26875 0.7236111111111111 0.035416666666666666 0.041666666666666664
0 0.240625 0.7805555555555556 0.03958333333333333 0.05
0 0.821875 0.3888888888888889 0.029166666666666667 0.03611111111111111
0 0.3177083333333333 0.9638888888888889 0.041666666666666664 0.05555555555555555
0 0.30104166666666665 0.8569444444444444 0.029166666666666667 0.03611111111111111
0 0.45208333333333334 0.7388888888888889 0.027083333333333334 0.03333333333333333
0 0.7322916666666667 0.45 0.035416666666666666 0.030555555555555555
0 0.0625 0.7569444444444444 0.016666666666666666 0.030555555555555555
0 0.846875 0.7972222222222223 0.041666666666666664 0.03888888888888889
0 0.965625 0.7833333333333333 0.03333333333333333 0.05
0 0.5083333333333333 0.9027777777777778 0.022916666666666665 0.022222222222222223
0 0.38958333333333334 0.18888888888888888 0.01875 0.027777777777777776
0 0.27395833333333336 0.17777777777777778 0.025 0.027777777777777776
0 0.9572916666666667 0.29583333333333334 0.025 0.04722222222222222
0 0.6229166666666667 0.7638888888888888 0.04583333333333333 0.05555555555555555
0 0.6458333333333334 0.7222222222222222 0.0625 0.07222222222222222
0 0.6125 0.8027777777777778 0.05416666666666667 0.03888888888888889
0 0.2520833333333333 0.8361111111111111 0.029166666666666667 0.03888888888888889
0 0.2989583333333333 0.7791666666666667 0.03333333333333333 0.04722222222222222
0 0.771875 0.39444444444444443 0.020833333333333332 0.030555555555555555
0 0.6229166666666667 0.3125 0.029166666666666667 0.06388888888888888
0 0.10104166666666667 0.015277777777777777 0.01875 0.025
0 0.07291666666666667 0.034722222222222224 0.025 0.03611111111111111
0 0.9864583333333333 0.3972222222222222 0.020833333333333332 0.03611111111111111
0 0.7885416666666667 0.3527777777777778 0.016666666666666666 0.03611111111111111
0 0.9510416666666667 0.2569444444444444 0.029166666666666667 0.041666666666666664
0 0.9229166666666667 0.275 0.03125 0.016666666666666666
0 0.925 0.29583333333333334 0.01875 0.030555555555555555
0 0.80625 0.3263888888888889 0.01875 0.030555555555555555
0 0.525 0.7847222222222222 0.016666666666666666 0.025
0 0.4625 0.9625 0.04375 0.05277777777777778
0 0.14375 0.3277777777777778 0.025 0.03333333333333333
0 0.275 0.3402777777777778 0.022916666666666665 0.025
0 0.853125 0.44583333333333336 0.025 0.027777777777777776
0 0.46770833333333334 0.7527777777777778 0.025 0.03333333333333333
0 0.625 0.39444444444444443 0.016666666666666666 0.025
0 0.5770833333333333 0.3416666666666667 0.041666666666666664 0.03888888888888889
0 0.6489583333333333 0.6638888888888889 0.01875 0.03611111111111111
0 0.490625 0.7652777777777777 0.016666666666666666 0.019444444444444445
0 0.8302083333333333 0.3541666666666667 0.020833333333333332 0.04722222222222222
0 0.9072916666666667 0.4388888888888889 0.020833333333333332 0.030555555555555555
0 0.9208333333333333 0.9166666666666666 0.022916666666666665 0.022222222222222223
0 0.9625 0.9222222222222223 0.01875 0.022222222222222223
