0 0.10625 0.016666666666666666 0.025 0.027777777777777776
0 0.5135416666666667 0.16527777777777777 0.027083333333333334 0.03611111111111111
0 0.7875 0.2361111111111111 0.04375 0.044444444444444446
0 0.18645833333333334 0.1597222222222222 0.03125 0.041666666666666664
0 0.6927083333333334 0.6027777777777777 0.035416666666666666 0.04722222222222222
0 0.8510416666666667 0.4583333333333333 0.029166666666666667 0.03611111111111111
0 0.47708333333333336 0.3888888888888889 0.027083333333333334 0.03611111111111111
0 0.7239583333333334 0.42083333333333334 0.03125 0.044444444444444446
0 0.4239583333333333 0.3333333333333333 0.041666666666666664 0.05555555555555555
0 0.6770833333333334 0.8027777777777778 0.029166666666666667 0.03888888888888889
0 0.10416666666666667 0.28055555555555556 0.025 0.044444444444444446
0 0.31145833333333334 0.2777777777777778 0.025 0.03333333333333333
0 0.13020833333333334 0.8541666666666666 0.03125 0.04722222222222222
0 0.30833333333333335 0.8569444444444444 0.022916666666666665 0.03611111111111111
0 0.40625 0.8138888888888889 0.035416666666666666 0.03888888888888889
0 0.6010416666666667 0.6722222222222223 0.03958333333333333 0.041666666666666664
0 0.5125 0.8125 0.035416666666666666 0.05277777777777778
0 0.4666666666666667 0.7208333333333333 0.035416666666666666 0.04722222222222222
0 0.48125 0.7819444444444444 0.03125 0.041666666666666664
0 0.5854166666666667 0.7111111111111111 0.03333333333333333 0.03888888888888889
0 0.9322916666666666 0.9708333333333333 0.025 0.025
0 0.18333333333333332 0.41944444444444445 0.029166666666666667 0.03611111111111111
0 0.3125 0.5513888888888889 0.022916666666666665 0.027777777777777776
0 0.33229166666666665 0.5527777777777778 0.029166666666666667 0.041666666666666664
0 0.26875 0.36666666666666664 0.022916666666666665 0.03611111111111111
0 0.246875 0.3902777777777778 0.01875 0.027777777777777776
0 0.971875 0.975 0.025 0.03888888888888889
0 0.12916666666666668 0.3055555555555556 0.020833333333333332 0.03333333333333333
0 0.528125 0.65 0.014583333333333334 0.030555555555555555
0 0.5291666666666667 0.7111111111111111 0.016666666666666666 0.027777777777777776
0 0.734375 0.7458333333333333 0.035416666666666666 0.041666666666666664
0 0.4354166666666667 0.1638888888888889 0.014583333333333334 0.03888888888888889
0 0.803125 0.39444444444444443 0.03333333333333333 0.03611111111111111
0 0.17395833333333333 0.25972222222222224 0.03958333333333333 0.04722222222222222
0 0.86875 0.6222222222222222 0.010416666666666666 0.019444444444444445
0 0.9354166666666667 0.6319444444444444 0.01875 0.022222222222222223
0 0.83125 0.8708333333333333 0.03125 0.03611111111111111
0 0.5947916666666667 0.9416666666666667 0.01875 0.03333333333333333
0 0.11770833333333333 0.9569444444444445 0.022916666666666665 0.025
0 0.6895833333333333 0.22361111111111112 0.020833333333333332 0.019444444444444445
0 0.8041666666666667 0.9888888888888889 0.014583333333333334 0.027777777777777776
0 0.7447916666666666 0.9569444444444445 0.027083333333333334 0.019444444444444445
0 0.6625 0.35555555555555557 0.025 0.041666666666666664
0 0.771875 0.6638888888888889 0.016666666666666666 0.03611111111111111
0 0.5489583333333333 0.19027777777777777 0.027083333333333334 0.04722222222222222
0 0.75625 0.030555555555555555 0.020833333333333332 0.03888888888888889
0 0.48020833333333335 0.6402777777777777 0.016666666666666666 0.03333333333333333
0 0.45729166666666665 0.6375 0.020833333333333332 0.03888888888888889
0 0.36041666666666666 0.9902777777777778 0.01875 0.025
0 0.434375 0.5055555555555555 0.0375 0.08055555555555556
0 0.203125 0.34305555555555556 0.022916666666666665 0.041666666666666664
0 0.575 0.11527777777777778 0.025 0.03611111111111111
0 0.7760416666666666 0.6097222222222223 0.0125 0.027777777777777776
