0 0.5583333333333333 0.005555555555555556 0.04583333333333333 0.05
0 0.6260416666666667 0.18333333333333332 0.03125 0.03611111111111111
0 0.053125 0.16666666666666666 0.035416666666666666 0.03611111111111111
0 0.59375 0.39305555555555555 0.03333333333333333 0.041666666666666664
0 0.7072916666666667 0.23055555555555557 0.027083333333333334 0.04722222222222222
0 0.7291666666666666 0.4013888888888889 0.03333333333333333 0.041666666666666664
0 0.74375 0.425 0.016666666666666666 0.05
0 0.43333333333333335 0.34305555555555556 0.027083333333333334 0.03888888888888889
0 0.7020833333333333 0.7777777777777778 0.025 0.041666666666666664
0 0.46458333333333335 0.8569444444444444 0.027083333333333334 0.027777777777777776
0 0.7677083333333333 0.6277777777777778 0.016666666666666666 0.03333333333333333
0 0.2791666666666667 0.5958333333333333 0.04375 0.041666666666666664
0 0.21145833333333333 0.08611111111111111 0.027083333333333334 0.030555555555555555
0 0.08541666666666667 0.25555555555555554 0.03333333333333333 0.03611111111111111
0 0.18229166666666666 0.375 0.03125 0.03333333333333333
0 0.12916666666666668 0.33611111111111114 0.029166666666666667 0.030555555555555555
0 0.48541666666666666 0.015277777777777777 0.01875 0.027777777777777776
0 0.6364583333333333 0.6805555555555556 0.03125 0.03333333333333333
0 0.9677083333333333 0.19444444444444445 0.0375 0.05277777777777778
0 0.9385416666666667 0.12777777777777777 0.0375 0.041666666666666664
0 0.9104166666666667 0.05138888888888889 0.03125 0.044444444444444446
0 0.4375 0.7444444444444445 0.027083333333333334 0.03611111111111111
0 0.9541666666666667 0.40555555555555556 0.022916666666666665 0.022222222222222223
0 0.7927083333333333 0.46944444444444444 0.0375 0.05555555555555555
0 0.8770833333333333 0.6916666666666667 0.01875 0.025
0 0.8645833333333334 0.7680555555555556 0.014583333333333334 0.03333333333333333
0 0.7958333333333333 0.07916666666666666 0.022916666666666665 0.03333333333333333
0 0.9458333333333333 0.26666666666666666 0.014583333333333334 0.03611111111111111
0 0.9572916666666667 0.30972222222222223 0.016666666666666666 0.022222222222222223
0 0.41875 0.6333333333333333 0.01875 0.03888888888888889
0 0.6489583333333333 0.07361111111111111 0.027083333333333334 0.03888888888888889
0 0.46041666666666664 0.1875 0.027083333333333334 0.03888888888888889
0 0.30625 0.1625 0.027083333333333334 0.044444444444444446
0 0.6083333333333333 0.5597222222222222 0.020833333333333332 0.03611111111111111
0 0.5822916666666667 0.9166666666666666 0.027083333333333334 0.025
