0 0.04375 0.016666666666666666 0.016666666666666666 0.022222222222222223
0 0.1296875 0.14097222222222222 0.059375 0.0763888888888889
0 0.08958333333333333 0.20625 0.03125 0.04027777777777778
0 0.16145833333333334 0.23680555555555555 0.016666666666666666 0.02361111111111111
0 0.23854166666666668 0.4826388888888889 0.035416666666666666 0.04583333333333333
0 0.3828125 0.04583333333333333 0.030208333333333334 0.03611111111111111
0 0.378125 0.07013888888888889 0.016666666666666666 0.015277777777777777
0 0.5067708333333333 0.04583333333333333 0.051041666666666666 0.06666666666666667
0 0.48333333333333334 0.020833333333333332 0.04583333333333333 0.041666666666666664
0 0.45 0.25763888888888886 0.03333333333333333 0.043055555555555555
0 0.41041666666666665 0.3659722222222222 0.0375 0.04861111111111111
0 0.4010416666666667 0.38958333333333334 0.01875 0.02361111111111111
0 0.0328125 0.6597222222222222 0.053125 0.06944444444444445
0 0.33177083333333335 0.5430555555555555 0.03229166666666667 0.041666666666666664
0 0.5140625 0.4847222222222222 0.034375 0.04722222222222222
0 0.5302083333333333 0.32013888888888886 0.052083333333333336 0.06805555555555555
0 0.7005208333333334 0.24375 0.04895833333333333 0.06805555555555555
0 0.7005208333333334 0.2923611111111111 0.026041666666666668 0.03194444444444444
0 0.7989583333333333 0.19722222222222222 0.04375 0.058333333333333334
0 0.9010416666666666 0.12430555555555556 0.03125 0.04583333333333333
0 0.8817708333333333 0.06041666666666667 0.017708333333333333 0.02361111111111111
0 0.9135416666666667 0.6381944444444444 0.03125 0.0375
0 0.9979166666666667 0.3902777777777778 0.04583333333333333 0.06111111111111111
