0 0.1375 0.1486111111111111 0.01875 0.027777777777777776
0 0.1984375 0.1 0.015625 0.022222222222222223
0 0.225 0.06597222222222222 0.0125 0.018055555555555554
0 0.20885416666666667 0.24444444444444444 0.028125 0.03611111111111111
0 0.21770833333333334 0.3333333333333333 0.01875 0.025
0 0.18697916666666667 0.4708333333333333 0.028125 0.03611111111111111
0 0.24166666666666667 0.39444444444444443 0.0125 0.016666666666666666
0 0.2953125 0.46944444444444444 0.019791666666666666 0.027777777777777776
0 0.27447916666666666 0.5326388888888889 0.046875 0.059722222222222225
0 0.48541666666666666 0.30694444444444446 0.01875 0.025
0 0.5098958333333333 0.2791666666666667 0.017708333333333333 0.022222222222222223
0 0.03802083333333333 0.4722222222222222 0.011458333333333333 0.019444444444444445
0 0.6145833333333334 0.24513888888888888 0.014583333333333334 0.018055555555555554
0 0.640625 0.33402777777777776 0.027083333333333334 0.034722222222222224
0 0.7473958333333334 0.3486111111111111 0.021875 0.030555555555555555
0 0.7 0.41805555555555557 0.014583333333333334 0.016666666666666666
0 0.6994791666666667 0.4375 0.015625 0.019444444444444445
0 0.453125 0.07013888888888889 0.0125 0.018055555555555554
0 0.796875 0.3784722222222222 0.016666666666666666 0.02361111111111111
0 0.8786458333333333 0.06805555555555555 0.021875 0.027777777777777776
0 0.9770833333333333 0.31527777777777777 0.027083333333333334 0.03333333333333333
0 0.9203125 0.44166666666666665 0.03854166666666667 0.05
0 0.8635416666666667 0.4222222222222222 0.05416666666666667 0.07222222222222222
0 0.8369791666666667 0.7395833333333334 0.013541666666666667 0.018055555555555554
0 0.6489583333333333 0.7229166666666667 0.014583333333333334 0.018055555555555554
0 0.6276041666666666 0.7208333333333333 0.017708333333333333 0.025
0 0.5588541666666667 0.7798611111111111 0.013541666666666667 0.018055555555555554
0 0.06822916666666666 0.9395833333333333 0.023958333333333335 0.034722222222222224
0 0.008854166666666666 0.93125 0.013541666666666667 0.018055555555555554
0 0.5390625 0.8652777777777778 0.015625 0.019444444444444445
0 0.5442708333333334 0.8784722222222222 0.013541666666666667 0.0125
0 0.8609375 0.8791666666666667 0.013541666666666667 0.011111111111111112
0 0.8635416666666667 0.8916666666666667 0.01875 0.022222222222222223
