0 0.12447916666666667 0.1076388888888889 0.015625 0.020833333333333332
0 0.221875 0.016666666666666666 0.041666666666666664 0.05277777777777778
0 0.234375 0.04791666666666667 0.01875 0.02638888888888889
0 0.25885416666666666 0.10347222222222222 0.009375 0.0125
0 0.46145833333333336 0.21736111111111112 0.020833333333333332 0.02638888888888889
0 0.6770833333333334 0.0798611111111111 0.029166666666666667 0.04027777777777778
0 0.7234375 0.11180555555555556 0.023958333333333335 0.029166666666666667
0 0.7302083333333333 0.07708333333333334 0.01875 0.02361111111111111
0 0.7682291666666666 0.022222222222222223 0.011458333333333333 0.013888888888888888
0 0.7651041666666667 0.034722222222222224 0.009375 0.011111111111111112
0 0.8598958333333333 0.12152777777777778 0.023958333333333335 0.03194444444444444
0 0.8432291666666667 0.16944444444444445 0.034375 0.04722222222222222
0 0.17083333333333334 0.375 0.027083333333333334 0.03888888888888889
0 0.18645833333333334 0.35833333333333334 0.03125 0.03888888888888889
0 0.23385416666666667 0.24444444444444444 0.017708333333333333 0.025
0 0.28177083333333336 0.4375 0.019791666666666666 0.025
0 0.3098958333333333 0.6013888888888889 0.03229166666666667 0.04722222222222222
0 0.24375 0.6159722222222223 0.008333333333333333 0.0125
0 0.38385416666666666 0.28888888888888886 0.046875 0.06111111111111111
0 0.4078125 0.38680555555555557 0.034375 0.04583333333333333
0 0.45364583333333336 0.3548611111111111 0.021875 0.03194444444444444
0 0.4822916666666667 0.3680555555555556 0.027083333333333334 0.030555555555555555
0 0.4822916666666667 0.3388888888888889 0.022916666666666665 0.027777777777777776
0 0.5046875 0.5263888888888889 0.019791666666666666 0.027777777777777776
0 0.5119791666666667 0.5694444444444444 0.019791666666666666 0.025
0 0.5552083333333333 0.575 0.0375 0.03888888888888889
0 0.6234375 0.32013888888888886 0.017708333333333333 0.02361111111111111
0 0.7067708333333333 0.4951388888888889 0.021875 0.029166666666666667
0 0.9078125 0.4013888888888889 0.040625 0.04722222222222222
0 0.8989583333333333 0.43333333333333335 0.016666666666666666 0.027777777777777776
0 0.7369791666666666 0.6666666666666666 0.030208333333333334 0.041666666666666664
0 0.9614583333333333 0.8354166666666667 0.029166666666666667 0.04027777777777778
0 0.865625 0.9506944444444444 0.022916666666666665 0.029166666666666667
0 0.7953125 0.9756944444444444 0.011458333333333333 0.015277777777777777
0 0.6 0.9534722222222223 0.020833333333333332 0.02638888888888889
0 0.4713541666666667 0.7541666666666667 0.023958333333333335 0.030555555555555555
0 0.4510416666666667 0.7430555555555556 0.020833333333333332 0.027777777777777776
0 0.453125 0.7729166666666667 0.022916666666666665 0.03194444444444444
0 0.43125 0.7569444444444444 0.016666666666666666 0.022222222222222223
0 0.42552083333333335 0.7715277777777778 0.011458333333333333 0.018055555555555554
0 0.31302083333333336 0.6625 0.015625 0.019444444444444445
0 0.3015625 0.7659722222222223 0.026041666666666668 0.03194444444444444
0 0.29739583333333336 0.7375 0.017708333333333333 0.025
0 0.2791666666666667 0.7284722222222222 0.014583333333333334 0.015277777777777777
0 0.196875 0.7361111111111112 0.016666666666666666 0.025
0 0.0671875 0.7284722222222222 0.011458333333333333 0.015277777777777777
0 0.11666666666666667 0.9791666666666666 0.016666666666666666 0.022222222222222223
0 0.2921875 0.7819444444444444 0.009375 0.013888888888888888
