0 0.24375 0.04513888888888889 0.01875 0.02361111111111111
0 0.33958333333333335 0.07777777777777778 0.0375 0.05277777777777778
0 0.09583333333333334 0.40555555555555556 0.016666666666666666 0.022222222222222223
0 0.09166666666666666 0.43819444444444444 0.016666666666666666 0.02361111111111111
0 0.08541666666666667 0.4222222222222222 0.014583333333333334 0.019444444444444445
0 0.14739583333333334 0.4305555555555556 0.034375 0.03888888888888889
0 0.15052083333333333 0.4736111111111111 0.040625 0.05277777777777778
0 0.3963541666666667 0.49722222222222223 0.013541666666666667 0.013888888888888888
0 0.3963541666666667 0.5166666666666667 0.015625 0.022222222222222223
0 0.4864583333333333 0.5284722222222222 0.020833333333333332 0.02638888888888889
0 0.6213541666666667 0.32916666666666666 0.046875 0.06111111111111111
0 0.6135416666666667 0.3625 0.016666666666666666 0.019444444444444445
0 0.6307291666666667 0.36666666666666664 0.017708333333333333 0.025
0 0.5723958333333333 0.23194444444444445 0.017708333333333333 0.027777777777777776
0 0.8208333333333333 0.3611111111111111 0.025 0.03333333333333333
0 0.8296875 0.38055555555555554 0.013541666666666667 0.016666666666666666
0 0.834375 0.7701388888888889 0.025 0.034722222222222224
0 0.9145833333333333 0.9381944444444444 0.027083333333333334 0.034722222222222224
0 0.8614583333333333 0.9395833333333333 0.016666666666666666 0.020833333333333332
0 0.7057291666666666 0.9784722222222222 0.026041666666666668 0.034722222222222224
0 0.7052083333333333 0.9625 0.008333333333333333 0.013888888888888888
0 0.6734375 0.9368055555555556 0.021875 0.02638888888888889
0 0.6760416666666667 0.9701388888888889 0.029166666666666667 0.04027777777777778
0 0.5953125 0.7638888888888888 0.017708333333333333 0.025
0 0.4552083333333333 0.6604166666666667 0.022916666666666665 0.029166666666666667
0 0.4010416666666667 0.7868055555555555 0.03125 0.043055555555555555
0 0.4088541666666667 0.7229166666666667 0.011458333333333333 0.018055555555555554
0 0.3453125 0.7902777777777777 0.021875 0.030555555555555555
0 0.459375 0.8409722222222222 0.027083333333333334 0.0375
0 0.440625 0.8770833333333333 0.03125 0.043055555555555555
0 0.40572916666666664 0.9743055555555555 0.034375 0.04027777777777778
0 0.3651041666666667 0.8923611111111112 0.021875 0.02638888888888889
0 0.2109375 0.7986111111111112 0.017708333333333333 0.025
0 0.16614583333333333 0.8493055555555555 0.015625 0.020833333333333332
0 0.11041666666666666 0.7451388888888889 0.020833333333333332 0.02638888888888889
0 0.1 0.6006944444444444 0.035416666666666666 0.04861111111111111
0 0.1140625 0.8166666666666667 0.013541666666666667 0.016666666666666666
0 0.07395833333333333 0.8923611111111112 0.027083333333333334 0.03194444444444444
0 0.0390625 0.8048611111111111 0.007291666666666667 0.009722222222222222
0 0.17135416666666667 0.9340277777777778 0.011458333333333333 0.015277777777777777
0 0.24947916666666667 0.9541666666666667 0.026041666666666668 0.03888888888888889
0 0.26875 0.9347222222222222 0.020833333333333332 0.027777777777777776
0 0.6114583333333333 0.9930555555555556 0.0125 0.011111111111111112
