0 0.9833333333333333 0.17708333333333334 0.027083333333333334 0.0375
0 0.8729166666666667 0.050694444444444445 0.03125 0.04027777777777778
0 0.9770833333333333 0.11736111111111111 0.014583333333333334 0.020833333333333332
0 0.9692708333333333 0.18125 0.011458333333333333 0.015277777777777777
0 0.8078125 0.19652777777777777 0.021875 0.029166666666666667
0 0.75625 0.20416666666666666 0.0125 0.013888888888888888
0 0.7401041666666667 0.14583333333333334 0.015625 0.022222222222222223
0 0.7192708333333333 0.1326388888888889 0.026041666666666668 0.034722222222222224
0 0.6802083333333333 0.2048611111111111 0.016666666666666666 0.02361111111111111
0 0.5119791666666667 0.05416666666666667 0.028125 0.03888888888888889
0 0.5208333333333334 0.06736111111111111 0.01875 0.02638888888888889
0 0.3234375 0.13125 0.026041666666666668 0.03194444444444444
0 0.3255208333333333 0.20416666666666666 0.013541666666666667 0.016666666666666666
0 0.3390625 0.04236111111111111 0.015625 0.020833333333333332
0 0.21145833333333333 0.08888888888888889 0.01875 0.025
0 0.23177083333333334 0.18333333333333332 0.017708333333333333 0.019444444444444445
0 0.19947916666666668 0.14375 0.019791666666666666 0.02638888888888889
0 0.175 0.12222222222222222 0.027083333333333334 0.030555555555555555
0 0.17552083333333332 0.14930555555555555 0.023958333333333335 0.029166666666666667
0 0.011979166666666667 0.12361111111111112 0.013541666666666667 0.016666666666666666
0 0.03802083333333333 0.25 0.013541666666666667 0.016666666666666666
0 0.07552083333333333 0.44375 0.021875 0.02638888888888889
0 0.07864583333333333 0.47708333333333336 0.013541666666666667 0.015277777777777777
0 0.044270833333333336 0.6604166666666667 0.026041666666666668 0.03194444444444444
0 0.010416666666666666 0.6840277777777778 0.020833333333333332 0.03194444444444444
0 0.025 0.75 0.014583333333333334 0.016666666666666666
0 0.0671875 0.9118055555555555 0.021875 0.029166666666666667
0 0.2015625 0.6875 0.030208333333333334 0.044444444444444446
0 0.13697916666666668 0.5604166666666667 0.015625 0.018055555555555554
0 0.13489583333333333 0.39791666666666664 0.021875 0.029166666666666667
0 0.12135416666666667 0.38958333333333334 0.017708333333333333 0.02361111111111111
0 0.2520833333333333 0.30486111111111114 0.01875 0.02361111111111111
0 0.24114583333333334 0.4201388888888889 0.026041666666666668 0.03194444444444444
0 0.2546875 0.42986111111111114 0.026041666666666668 0.034722222222222224
0 0.2578125 0.45555555555555555 0.023958333333333335 0.025
0 0.25729166666666664 0.7784722222222222 0.016666666666666666 0.020833333333333332
0 0.278125 0.7722222222222223 0.029166666666666667 0.03333333333333333
0 0.2953125 0.7493055555555556 0.017708333333333333 0.020833333333333332
0 0.3015625 0.78125 0.017708333333333333 0.020833333333333332
0 0.3515625 0.8736111111111111 0.011458333333333333 0.013888888888888888
0 0.36666666666666664 0.8701388888888889 0.010416666666666666 0.0125
0 0.36875 0.54375 0.01875 0.020833333333333332
0 0.3697916666666667 0.3951388888888889 0.020833333333333332 0.02361111111111111
0 0.35260416666666666 0.28194444444444444 0.028125 0.03333333333333333
0 0.07291666666666667 0.9631944444444445 0.01875 0.02361111111111111
0 0.26197916666666665 0.9798611111111111 0.011458333333333333 0.015277777777777777
0 0.3223958333333333 0.9784722222222222 0.023958333333333335 0.029166666666666667
0 0.48541666666666666 0.8930555555555556 0.016666666666666666 0.022222222222222223
0 0.40989583333333335 0.6527777777777778 0.011458333333333333 0.013888888888888888
0 0.4161458333333333 0.575 0.019791666666666666 0.025
0 0.4484375 0.5506944444444445 0.013541666666666667 0.020833333333333332
0 0.38229166666666664 0.5520833333333334 0.010416666666666666 0.015277777777777777
0 0.4713541666666667 0.5305555555555556 0.019791666666666666 0.025
0 0.4661458333333333 0.5090277777777777 0.023958333333333335 0.03194444444444444
0 0.459375 0.4173611111111111 0.03125 0.043055555555555555
0 0.46510416666666665 0.3590277777777778 0.015625 0.018055555555555554
0 0.4505208333333333 0.29444444444444445 0.019791666666666666 0.025
0 0.5114583333333333 0.3888888888888889 0.027083333333333334 0.03611111111111111
0 0.48072916666666665 0.44305555555555554 0.017708333333333333 0.025
0 0.484375 0.49375 0.0125 0.018055555555555554
0 0.5 0.47847222222222224 0.025 0.03194444444444444
0 0.5348958333333333 0.31527777777777777 0.023958333333333335 0.027777777777777776
0 0.5427083333333333 0.325 0.008333333333333333 0.008333333333333333
0 0.61875 0.38472222222222224 0.025 0.03333333333333333
0 0.6265625 0.6916666666666667 0.026041666666666668 0.03611111111111111
0 0.6583333333333333 0.6597222222222222 0.020833333333333332 0.027777777777777776
0 0.6364583333333333 0.6680555555555555 0.008333333333333333 0.011111111111111112
0 0.5223958333333333 0.9159722222222222 0.019791666666666666 0.02638888888888889
0 0.5328125 0.93125 0.011458333333333333 0.015277777777777777
0 0.6036458333333333 0.86875 0.021875 0.02638888888888889
0 0.6583333333333333 0.9756944444444444 0.016666666666666666 0.020833333333333332
0 0.6734375 0.9756944444444444 0.013541666666666667 0.020833333333333332
0 0.7421875 0.9006944444444445 0.03229166666666667 0.043055555555555555
0 0.6802083333333333 0.7354166666666667 0.016666666666666666 0.02638888888888889
0 0.6838541666666667 0.6243055555555556 0.013541666666666667 0.018055555555555554
0 0.6901041666666666 0.6395833333333333 0.021875 0.02638888888888889
0 0.7135416666666666 0.6354166666666666 0.0125 0.018055555555555554
0 0.6546875 0.44513888888888886 0.026041666666666668 0.034722222222222224
0 0.6791666666666667 0.4423611111111111 0.029166666666666667 0.0375
0 0.6880208333333333 0.38333333333333336 0.019791666666666666 0.027777777777777776
0 0.7411458333333333 0.36944444444444446 0.021875 0.030555555555555555
0 0.753125 0.3576388888888889 0.01875 0.029166666666666667
0 0.8239583333333333 0.3715277777777778 0.03125 0.04027777777777778
0 0.8036458333333333 0.44583333333333336 0.019791666666666666 0.022222222222222223
0 0.7729166666666667 0.5284722222222222 0.01875 0.020833333333333332
0 0.7838541666666666 0.6229166666666667 0.015625 0.020833333333333332
0 0.73125 0.6756944444444445 0.016666666666666666 0.020833333333333332
0 0.7723958333333333 0.6305555555555555 0.011458333333333333 0.016666666666666666
0 0.9067708333333333 0.3159722222222222 0.019791666666666666 0.029166666666666667
0 0.9005208333333333 0.4909722222222222 0.028125 0.034722222222222224
0 0.8895833333333333 0.6597222222222222 0.016666666666666666 0.03333333333333333
0 0.903125 0.6576388888888889 0.014583333333333334 0.02638888888888889
0 0.9088541666666666 0.6840277777777778 0.013541666666666667 0.015277777777777777
0 0.925 0.40625 0.016666666666666666 0.018055555555555554
0 0.9578125 0.3659722222222222 0.019791666666666666 0.02361111111111111
0 0.9848958333333333 0.3875 0.007291666666666667 0.011111111111111112
0 0.9760416666666667 0.3819444444444444 0.0125 0.022222222222222223
0 0.9682291666666667 0.5694444444444444 0.013541666666666667 0.019444444444444445
0 0.9828125 0.5826388888888889 0.026041666666666668 0.034722222222222224
0 0.5890625 0.27708333333333335 0.015625 0.018055555555555554
