0 0.030208333333333334 0.4597222222222222 0.016666666666666666 0.022222222222222223
0 0.033854166666666664 0.47638888888888886 0.009375 0.013888888888888888
0 0.027604166666666666 0.36875 0.019791666666666666 0.02638888888888889
0 0.0171875 0.38055555555555554 0.011458333333333333 0.013888888888888888
0 0.0390625 0.011111111111111112 0.03229166666666667 0.022222222222222223
0 0.14322916666666666 0.0625 0.013541666666666667 0.019444444444444445
0 0.24791666666666667 0.07013888888888889 0.04791666666666667 0.0625
0 0.221875 0.11736111111111111 0.01875 0.02638888888888889
0 0.165625 0.23055555555555557 0.027083333333333334 0.03611111111111111
0 0.13385416666666666 0.17430555555555555 0.013541666666666667 0.018055555555555554
0 0.1578125 0.3854166666666667 0.019791666666666666 0.02638888888888889
0 0.23854166666666668 0.47638888888888886 0.027083333333333334 0.03333333333333333
0 0.20260416666666667 0.5576388888888889 0.021875 0.029166666666666667
0 0.28854166666666664 0.5555555555555556 0.027083333333333334 0.03611111111111111
0 0.3380208333333333 0.5645833333333333 0.019791666666666666 0.02638888888888889
0 0.2942708333333333 0.41388888888888886 0.015625 0.019444444444444445
0 0.3572916666666667 0.1986111111111111 0.020833333333333332 0.025
0 0.3697916666666667 0.027777777777777776 0.022916666666666665 0.027777777777777776
0 0.3697916666666667 0.4861111111111111 0.027083333333333334 0.03611111111111111
0 0.3828125 0.47708333333333336 0.017708333333333333 0.02361111111111111
0 0.40260416666666665 0.50625 0.021875 0.02361111111111111
0 0.4041666666666667 0.4847222222222222 0.025 0.027777777777777776
0 0.4421875 0.5659722222222222 0.017708333333333333 0.02361111111111111
0 0.4875 0.2916666666666667 0.03333333333333333 0.041666666666666664
0 0.5036458333333333 0.2986111111111111 0.021875 0.03333333333333333
0 0.5385416666666667 0.25833333333333336 0.022916666666666665 0.027777777777777776
0 0.525 0.2798611111111111 0.020833333333333332 0.02361111111111111
0 0.5447916666666667 0.21597222222222223 0.014583333333333334 0.018055555555555554
0 0.5078125 0.49722222222222223 0.021875 0.027777777777777776
0 0.6026041666666667 0.12569444444444444 0.019791666666666666 0.02361111111111111
0 0.6375 0.03194444444444444 0.03333333333333333 0.041666666666666664
0 0.6234375 0.05625 0.009375 0.0125
0 0.671875 0.05555555555555555 0.0125 0.013888888888888888
0 0.7041666666666667 0.03333333333333333 0.01875 0.025
0 0.8171875 0.025 0.017708333333333333 0.022222222222222223
0 0.8880208333333334 0.08055555555555556 0.021875 0.027777777777777776
0 0.8171875 0.15833333333333333 0.013541666666666667 0.016666666666666666
0 0.815625 0.19722222222222222 0.016666666666666666 0.022222222222222223
0 0.7020833333333333 0.2743055555555556 0.0375 0.04583333333333333
0 0.7005208333333334 0.3013888888888889 0.013541666666666667 0.016666666666666666
0 0.8770833333333333 0.40347222222222223 0.0125 0.015277777777777777
0 0.9291666666666667 0.3854166666666667 0.010416666666666666 0.015277777777777777
0 0.9114583333333334 0.44375 0.029166666666666667 0.0375
0 0.8890625 0.4625 0.019791666666666666 0.022222222222222223
0 0.9541666666666667 0.4576388888888889 0.029166666666666667 0.0375
0 0.96875 0.45902777777777776 0.016666666666666666 0.029166666666666667
0 0.7822916666666667 0.4625 0.029166666666666667 0.03611111111111111
0 0.6296875 0.40625 0.026041666666666668 0.034722222222222224
0 0.665625 0.5520833333333334 0.03333333333333333 0.043055555555555555
0 0.9833333333333333 0.6020833333333333 0.01875 0.02361111111111111
0 0.9828125 0.6819444444444445 0.023958333333333335 0.030555555555555555
0 0.9463541666666667 0.6583333333333333 0.021875 0.027777777777777776
0 0.8734375 0.6125 0.013541666666666667 0.016666666666666666
0 0.884375 0.6673611111111111 0.027083333333333334 0.0375
0 0.8984375 0.6722222222222223 0.013541666666666667 0.016666666666666666
0 0.8838541666666667 0.6965277777777777 0.013541666666666667 0.018055555555555554
0 0.90625 0.8340277777777778 0.025 0.029166666666666667
0 0.7989583333333333 0.8097222222222222 0.029166666666666667 0.03611111111111111
0 0.7380208333333333 0.8791666666666667 0.023958333333333335 0.027777777777777776
0 0.6984375 0.8534722222222222 0.019791666666666666 0.02638888888888889
0 0.6963541666666667 0.5972222222222222 0.017708333333333333 0.022222222222222223
0 0.5744791666666667 0.6055555555555555 0.013541666666666667 0.016666666666666666
0 0.975 0.9826388888888888 0.03333333333333333 0.043055555555555555
0 0.93125 0.9861111111111112 0.022916666666666665 0.027777777777777776
0 0.7963541666666667 0.9736111111111111 0.021875 0.027777777777777776
0 0.8005208333333333 0.9993055555555556 0.015625 0.020833333333333332
0 0.6307291666666667 0.8909722222222223 0.019791666666666666 0.02361111111111111
0 0.5671875 0.94375 0.028125 0.034722222222222224
0 0.5177083333333333 0.7631944444444444 0.022916666666666665 0.029166666666666667
0 0.5078125 0.6243055555555556 0.015625 0.018055555555555554
0 0.5098958333333333 0.6715277777777777 0.030208333333333334 0.034722222222222224
0 0.5119791666666667 0.6944444444444444 0.017708333333333333 0.019444444444444445
0 0.45260416666666664 0.6756944444444445 0.021875 0.02638888888888889
0 0.45625 0.5909722222222222 0.016666666666666666 0.020833333333333332
0 0.446875 0.6027777777777777 0.0125 0.013888888888888888
0 0.3390625 0.6541666666666667 0.021875 0.027777777777777776
0 0.4005208333333333 0.7416666666666667 0.017708333333333333 0.022222222222222223
0 0.4635416666666667 0.7708333333333334 0.010416666666666666 0.013888888888888888
0 0.384375 0.9020833333333333 0.027083333333333334 0.034722222222222224
0 0.33541666666666664 0.8861111111111111 0.01875 0.022222222222222223
0 0.29635416666666664 0.81875 0.030208333333333334 0.034722222222222224
0 0.29739583333333336 0.7979166666666667 0.023958333333333335 0.020833333333333332
0 0.2713541666666667 0.7909722222222222 0.015625 0.020833333333333332
0 0.253125 0.6006944444444444 0.04375 0.04027777777777778
0 0.2598958333333333 0.6194444444444445 0.023958333333333335 0.025
0 0.24635416666666668 0.6875 0.030208333333333334 0.03888888888888889
0 0.1953125 0.6125 0.026041666666666668 0.03333333333333333
0 0.1828125 0.5916666666666667 0.013541666666666667 0.016666666666666666
0 0.22864583333333333 0.7631944444444444 0.019791666666666666 0.02361111111111111
0 0.2359375 0.8006944444444445 0.017708333333333333 0.020833333333333332
0 0.2453125 0.8083333333333333 0.017708333333333333 0.022222222222222223
0 0.3536458333333333 0.9534722222222223 0.019791666666666666 0.02361111111111111
0 0.078125 0.7625 0.016666666666666666 0.027777777777777776
0 0.090625 0.7604166666666666 0.022916666666666665 0.03194444444444444
0 0.0005208333333333333 0.6020833333333333 0.021875 0.029166666666666667
0 0.007291666666666667 0.85625 0.016666666666666666 0.020833333333333332
0 0.06145833333333333 0.95 0.022916666666666665 0.027777777777777776
0 0.07916666666666666 0.9270833333333334 0.020833333333333332 0.02638888888888889
