0 0.9755208333333333 0.18333333333333332 0.034375 0.04722222222222222
0 0.8890625 0.07152777777777777 0.019791666666666666 0.02361111111111111
0 0.90625 0.11319444444444444 0.016666666666666666 0.02638888888888889
0 0.89375 0.10486111111111111 0.029166666666666667 0.04027777777777778
0 0.834375 0.12083333333333333 0.03125 0.041666666666666664
0 0.7453125 0.017361111111111112 0.023958333333333335 0.03194444444444444
0 0.7229166666666667 0.01597222222222222 0.020833333333333332 0.02638888888888889
0 0.68125 0.003472222222222222 0.01875 0.02361111111111111
0 0.7760416666666666 0.12569444444444444 0.03333333333333333 0.04583333333333333
0 0.7479166666666667 0.1423611111111111 0.03333333333333333 0.04027777777777778
0 0.7234375 0.16319444444444445 0.021875 0.02361111111111111
0 0.7567708333333333 0.1951388888888889 0.051041666666666666 0.06527777777777778
0 0.7203125 0.19375 0.013541666666666667 0.020833333333333332
0 0.7973958333333333 0.26944444444444443 0.036458333333333336 0.04722222222222222
0 0.8 0.20625 0.014583333333333334 0.018055555555555554
0 0.44166666666666665 0.003472222222222222 0.020833333333333332 0.02638888888888889
0 0.3880208333333333 0.02013888888888889 0.023958333333333335 0.029166666666666667
0 0.37604166666666666 0.04236111111111111 0.014583333333333334 0.018055555555555554
0 0.36822916666666666 0.06944444444444445 0.023958333333333335 0.030555555555555555
0 0.3421875 0.05625 0.019791666666666666 0.02638888888888889
0 0.27760416666666665 0.07291666666666667 0.021875 0.029166666666666667
0 0.30885416666666665 0.16597222222222222 0.015625 0.020833333333333332
0 0.140625 0.13402777777777777 0.01875 0.02361111111111111
0 0.15052083333333333 0.15486111111111112 0.017708333333333333 0.020833333333333332
0 0.0828125 0.15347222222222223 0.019791666666666666 0.02361111111111111
0 0.07447916666666667 0.19583333333333333 0.021875 0.027777777777777776
0 0.15104166666666666 0.24861111111111112 0.022916666666666665 0.027777777777777776
0 0.06197916666666667 0.25555555555555554 0.021875 0.025
0 0.005208333333333333 0.1763888888888889 0.01875 0.025
0 0.010416666666666666 0.5611111111111111 0.04375 0.05277777777777778
0 0.016666666666666666 0.5145833333333333 0.03333333333333333 0.05138888888888889
0 0.0359375 0.2923611111111111 0.019791666666666666 0.02638888888888889
0 0.07760416666666667 0.28402777777777777 0.019791666666666666 0.02361111111111111
0 0.0010416666666666667 0.7541666666666667 0.027083333333333334 0.03611111111111111
0 0.010416666666666666 0.8986111111111111 0.022916666666666665 0.022222222222222223
0 0.011458333333333333 0.9131944444444444 0.022916666666666665 0.020833333333333332
0 0.046875 0.5013888888888889 0.0125 0.016666666666666666
0 0.046875 0.5277777777777778 0.025 0.030555555555555555
0 0.033854166666666664 0.5902777777777778 0.013541666666666667 0.016666666666666666
0 0.08697916666666666 0.7368055555555556 0.03229166666666667 0.043055555555555555
0 0.035416666666666666 0.6763888888888889 0.010416666666666666 0.011111111111111112
0 0.1125 0.66875 0.01875 0.02638888888888889
0 0.10104166666666667 0.7083333333333334 0.01875 0.022222222222222223
0 0.125 0.6923611111111111 0.022916666666666665 0.03194444444444444
0 0.06927083333333334 0.6895833333333333 0.009375 0.0125
0 0.10677083333333333 0.4513888888888889 0.021875 0.025
0 0.12135416666666667 0.34930555555555554 0.021875 0.02638888888888889
0 0.1515625 0.3229166666666667 0.015625 0.020833333333333332
0 0.2598958333333333 0.36944444444444446 0.03229166666666667 0.03888888888888889
0 0.2125 0.42986111111111114 0.01875 0.02361111111111111
0 0.2296875 0.4652777777777778 0.026041666666666668 0.03611111111111111
0 0.21822916666666667 0.5166666666666667 0.015625 0.019444444444444445
0 0.23958333333333334 0.5541666666666667 0.0125 0.016666666666666666
0 0.22552083333333334 0.5993055555555555 0.028125 0.0375
0 0.19635416666666666 0.6423611111111112 0.015625 0.020833333333333332
0 0.1765625 0.7479166666666667 0.017708333333333333 0.02361111111111111
0 0.16354166666666667 0.8180555555555555 0.025 0.03333333333333333
0 0.15989583333333332 0.9361111111111111 0.015625 0.019444444444444445
0 0.2046875 0.8569444444444444 0.013541666666666667 0.019444444444444445
0 0.24114583333333334 0.7930555555555555 0.021875 0.025
0 0.24010416666666667 0.7701388888888889 0.017708333333333333 0.020833333333333332
0 0.3098958333333333 0.5958333333333333 0.030208333333333334 0.041666666666666664
0 0.31666666666666665 0.41805555555555557 0.0125 0.016666666666666666
0 0.33697916666666666 0.2763888888888889 0.019791666666666666 0.025
0 0.409375 0.29375 0.01875 0.02638888888888889
0 0.471875 0.4527777777777778 0.025 0.03333333333333333
0 0.5005208333333333 0.5256944444444445 0.015625 0.020833333333333332
0 0.2916666666666667 0.7361111111111112 0.0125 0.016666666666666666
0 0.2708333333333333 0.7909722222222222 0.025 0.029166666666666667
0 0.2630208333333333 0.8055555555555556 0.013541666666666667 0.016666666666666666
0 0.30052083333333335 0.8930555555555556 0.026041666666666668 0.03333333333333333
0 0.2859375 0.9180555555555555 0.023958333333333335 0.03333333333333333
0 0.3484375 0.9791666666666666 0.034375 0.03888888888888889
0 0.40520833333333334 0.9326388888888889 0.03125 0.04027777777777778
0 0.4671875 0.9701388888888889 0.03854166666666667 0.05416666666666667
0 0.478125 0.9027777777777778 0.03125 0.03888888888888889
0 0.4640625 0.9194444444444444 0.013541666666666667 0.019444444444444445
0 0.44375 0.7527777777777778 0.025 0.03333333333333333
0 0.5 0.78125 0.027083333333333334 0.034722222222222224
0 0.5234375 0.7798611111111111 0.017708333333333333 0.02361111111111111
0 0.5526041666666667 0.7506944444444444 0.023958333333333335 0.029166666666666667
0 0.5666666666666667 0.34097222222222223 0.01875 0.02361111111111111
0 0.7494791666666667 0.28055555555555556 0.015625 0.019444444444444445
0 0.6796875 0.3215277777777778 0.03854166666666667 0.05138888888888889
0 0.8244791666666667 0.33958333333333335 0.034375 0.043055555555555555
0 0.8578125 0.5173611111111112 0.026041666666666668 0.034722222222222224
0 0.7536458333333333 0.60625 0.030208333333333334 0.0375
0 0.6703125 0.6597222222222222 0.011458333333333333 0.016666666666666666
0 0.7838541666666666 0.6319444444444444 0.017708333333333333 0.022222222222222223
0 0.9119791666666667 0.56875 0.034375 0.04027777777777778
0 0.9072916666666667 0.6236111111111111 0.01875 0.022222222222222223
0 0.9692708333333333 0.6590277777777778 0.015625 0.020833333333333332
0 0.9161458333333333 0.6673611111111111 0.015625 0.020833333333333332
0 0.8380208333333333 0.7347222222222223 0.026041666666666668 0.03333333333333333
0 0.878125 0.7569444444444444 0.0375 0.04722222222222222
0 0.928125 0.8159722222222222 0.025 0.03194444444444444
0 0.7151041666666667 0.8402777777777778 0.028125 0.03611111111111111
0 0.6859375 0.8854166666666666 0.017708333333333333 0.020833333333333332
0 0.7005208333333334 0.9458333333333333 0.015625 0.022222222222222223
0 0.8729166666666667 0.9006944444444445 0.01875 0.029166666666666667
0 0.5479166666666667 0.9909722222222223 0.022916666666666665 0.015277777777777777
0 0.6817708333333333 0.4076388888888889 0.019791666666666666 0.02638888888888889
