0 0.3640625 0.04791666666666667 0.017708333333333333 0.02361111111111111
0 0.375 0.04583333333333333 0.0125 0.016666666666666666
0 0.040625 0.22430555555555556 0.01875 0.02361111111111111
0 0.06927083333333334 0.22847222222222222 0.040625 0.05138888888888889
0 0.08541666666666667 0.25833333333333336 0.020833333333333332 0.027777777777777776
0 0.06458333333333334 0.49930555555555556 0.03333333333333333 0.04027777777777778
0 0.22447916666666667 0.12986111111111112 0.023958333333333335 0.029166666666666667
0 0.25677083333333334 0.16319444444444445 0.030208333333333334 0.034722222222222224
0 0.2635416666666667 0.19236111111111112 0.022916666666666665 0.029166666666666667
0 0.2625 0.2708333333333333 0.035416666666666666 0.044444444444444446
0 0.284375 0.36666666666666664 0.014583333333333334 0.019444444444444445
0 0.20833333333333334 0.3861111111111111 0.0125 0.016666666666666666
0 0.19635416666666666 0.39444444444444443 0.017708333333333333 0.022222222222222223
0 0.17552083333333332 0.44930555555555557 0.013541666666666667 0.018055555555555554
0 0.14166666666666666 0.43472222222222223 0.0125 0.016666666666666666
0 0.21770833333333334 0.4083333333333333 0.0125 0.016666666666666666
0 0.25104166666666666 0.43194444444444446 0.03125 0.03888888888888889
0 0.271875 0.4284722222222222 0.01875 0.02361111111111111
0 0.28489583333333335 0.5201388888888889 0.019791666666666666 0.020833333333333332
0 0.28802083333333334 0.5326388888888889 0.017708333333333333 0.018055555555555554
0 0.43802083333333336 0.23402777777777778 0.042708333333333334 0.0375
0 0.4421875 0.26944444444444443 0.04895833333333333 0.05
0 0.5651041666666666 0.3194444444444444 0.021875 0.030555555555555555
0 0.47239583333333335 0.39305555555555555 0.013541666666666667 0.016666666666666666
0 0.61875 0.25972222222222224 0.027083333333333334 0.025
0 0.6229166666666667 0.28125 0.027083333333333334 0.02638888888888889
0 0.7270833333333333 0.20694444444444443 0.016666666666666666 0.022222222222222223
0 0.8328125 0.275 0.03229166666666667 0.03888888888888889
0 0.8682291666666667 0.14027777777777778 0.023958333333333335 0.030555555555555555
0 0.89375 0.12708333333333333 0.016666666666666666 0.020833333333333332
0 0.9484375 0.0875 0.017708333333333333 0.016666666666666666
0 0.9494791666666667 0.10625 0.017708333333333333 0.020833333333333332
0 0.934375 0.18333333333333332 0.0125 0.016666666666666666
0 0.9755208333333333 0.30625 0.017708333333333333 0.02361111111111111
0 0.9109375 0.5854166666666667 0.023958333333333335 0.03194444444444444
0 0.8791666666666667 0.55625 0.029166666666666667 0.034722222222222224
0 0.9307291666666667 0.5493055555555556 0.013541666666666667 0.018055555555555554
0 0.85625 0.5673611111111111 0.022916666666666665 0.029166666666666667
0 0.8864583333333333 0.6270833333333333 0.027083333333333334 0.034722222222222224
0 0.6828125 0.6597222222222222 0.019791666666666666 0.025
0 0.859375 0.6791666666666667 0.03125 0.041666666666666664
0 0.8604166666666667 0.7159722222222222 0.022916666666666665 0.029166666666666667
0 0.6604166666666667 0.7923611111111111 0.016666666666666666 0.020833333333333332
0 0.5635416666666667 0.6104166666666667 0.022916666666666665 0.029166666666666667
0 0.584375 0.6284722222222222 0.029166666666666667 0.0375
0 0.50625 0.7951388888888888 0.027083333333333334 0.034722222222222224
0 0.5182291666666666 0.8451388888888889 0.03229166666666667 0.04027777777777778
0 0.490625 0.8770833333333333 0.03333333333333333 0.043055555555555555
0 0.396875 0.7826388888888889 0.025 0.03194444444444444
0 0.45677083333333335 0.9055555555555556 0.034375 0.044444444444444446
0 0.478125 0.9173611111111111 0.025 0.034722222222222224
0 0.4348958333333333 0.9215277777777777 0.019791666666666666 0.02361111111111111
0 0.4197916666666667 0.6902777777777778 0.035416666666666666 0.04722222222222222
0 0.4161458333333333 0.6055555555555555 0.023958333333333335 0.027777777777777776
0 0.36302083333333335 0.6229166666666667 0.023958333333333335 0.029166666666666667
0 0.28072916666666664 0.65625 0.03854166666666667 0.04861111111111111
0 0.2791666666666667 0.6256944444444444 0.016666666666666666 0.020833333333333332
0 0.2203125 0.5645833333333333 0.019791666666666666 0.02361111111111111
0 0.19166666666666668 0.6013888888888889 0.035416666666666666 0.044444444444444446
0 0.24583333333333332 0.7277777777777777 0.016666666666666666 0.019444444444444445
0 0.2421875 0.7375 0.011458333333333333 0.016666666666666666
0 0.28125 0.7576388888888889 0.022916666666666665 0.029166666666666667
0 0.3203125 0.8104166666666667 0.023958333333333335 0.03194444444444444
0 0.2791666666666667 0.7895833333333333 0.016666666666666666 0.020833333333333332
0 0.1546875 0.8284722222222223 0.023958333333333335 0.029166666666666667
0 0.20625 0.9027777777777778 0.022916666666666665 0.030555555555555555
0 0.21927083333333333 0.8909722222222223 0.005208333333333333 0.006944444444444444
0 0.1984375 0.9743055555555555 0.036458333333333336 0.043055555555555555
0 0.1875 0.9534722222222223 0.022916666666666665 0.020833333333333332
0 0.1703125 0.9923611111111111 0.021875 0.0125
0 0.11145833333333334 0.9555555555555556 0.027083333333333334 0.030555555555555555
0 0.030208333333333334 0.94375 0.025 0.03194444444444444
0 0.0036458333333333334 0.7354166666666667 0.019791666666666666 0.02638888888888889
0 0.034375 0.6680555555555555 0.020833333333333332 0.027777777777777776
