0 0.14114583333333333 0.1375 0.015625 0.022222222222222223
0 0.1625 0.30625 0.022916666666666665 0.029166666666666667
0 0.07916666666666666 0.3861111111111111 0.025 0.03333333333333333
0 0.2713541666666667 0.29097222222222224 0.019791666666666666 0.02638888888888889
0 0.30625 0.34097222222222223 0.014583333333333334 0.018055555555555554
0 0.3802083333333333 0.09097222222222222 0.022916666666666665 0.03194444444444444
0 0.4359375 0.041666666666666664 0.034375 0.044444444444444446
0 0.47552083333333334 0.38680555555555557 0.019791666666666666 0.02638888888888889
0 0.48541666666666666 0.40555555555555556 0.014583333333333334 0.019444444444444445
0 0.5302083333333333 0.43194444444444446 0.04583333333333333 0.06111111111111111
0 0.6114583333333333 0.3020833333333333 0.027083333333333334 0.034722222222222224
0 0.3640625 0.47847222222222224 0.011458333333333333 0.015277777777777777
0 0.4244791666666667 0.5041666666666667 0.023958333333333335 0.030555555555555555
0 0.6125 0.5569444444444445 0.027083333333333334 0.03333333333333333
0 0.675 0.15 0.0125 0.016666666666666666
0 0.7635416666666667 0.27569444444444446 0.020833333333333332 0.02638888888888889
0 0.7505208333333333 0.4777777777777778 0.021875 0.027777777777777776
0 0.9484375 0.04097222222222222 0.030208333333333334 0.0375
0 0.9572916666666667 0.64375 0.022916666666666665 0.029166666666666667
0 0.9588541666666667 0.5847222222222223 0.013541666666666667 0.013888888888888888
0 0.9619791666666667 0.5951388888888889 0.017708333333333333 0.020833333333333332
0 0.8958333333333334 0.9708333333333333 0.03333333333333333 0.044444444444444446
0 0.7489583333333333 0.6152777777777778 0.022916666666666665 0.030555555555555555
0 0.6739583333333333 0.6097222222222223 0.01875 0.025
0 0.7432291666666667 0.8013888888888889 0.036458333333333336 0.04722222222222222
0 0.8036458333333333 0.9152777777777777 0.021875 0.019444444444444445
0 0.8026041666666667 0.9340277777777778 0.021875 0.02361111111111111
0 0.784375 0.95 0.0125 0.016666666666666666
0 0.7510416666666667 0.8979166666666667 0.025 0.02361111111111111
0 0.753125 0.9236111111111112 0.029166666666666667 0.03888888888888889
0 0.6640625 0.7673611111111112 0.023958333333333335 0.03194444444444444
0 0.6010416666666667 0.7055555555555556 0.014583333333333334 0.019444444444444445
0 0.7328125 0.9201388888888888 0.013541666666666667 0.018055555555555554
0 0.6046875 0.8291666666666667 0.03229166666666667 0.041666666666666664
0 0.42291666666666666 0.9479166666666666 0.01875 0.02638888888888889
0 0.34010416666666665 0.8291666666666667 0.03854166666666667 0.04722222222222222
0 0.35833333333333334 0.73125 0.025 0.03194444444444444
0 0.3703125 0.7791666666666667 0.013541666666666667 0.016666666666666666
0 0.21875 0.7354166666666667 0.027083333333333334 0.034722222222222224
0 0.2786458333333333 0.9506944444444444 0.021875 0.02638888888888889
0 0.3067708333333333 0.9868055555555556 0.019791666666666666 0.02361111111111111
0 0.13072916666666667 0.6736111111111112 0.019791666666666666 0.025
