0 0.08020833333333334 0.19305555555555556 0.035416666666666666 0.041666666666666664
0 0.0890625 0.23055555555555557 0.030208333333333334 0.03888888888888889
0 0.1375 0.22708333333333333 0.03333333333333333 0.043055555555555555
0 0.15 0.13472222222222222 0.03333333333333333 0.044444444444444446
0 0.12708333333333333 0.09652777777777778 0.025 0.03194444444444444
0 0.2609375 0.06041666666666667 0.021875 0.02638888888888889
0 0.284375 0.07361111111111111 0.025 0.03333333333333333
0 0.28802083333333334 0.49236111111111114 0.021875 0.02638888888888889
0 0.32760416666666664 0.39375 0.021875 0.02638888888888889
0 0.3302083333333333 0.4131944444444444 0.01875 0.020833333333333332
0 0.46145833333333336 0.4388888888888889 0.01875 0.022222222222222223
0 0.3 0.5388888888888889 0.01875 0.025
0 0.4640625 0.15069444444444444 0.015625 0.018055555555555554
0 0.5291666666666667 0.3368055555555556 0.0125 0.015277777777777777
0 0.6786458333333333 0.14930555555555555 0.021875 0.029166666666666667
0 0.68125 0.041666666666666664 0.014583333333333334 0.016666666666666666
0 0.7255208333333333 0.04513888888888889 0.007291666666666667 0.009722222222222222
0 0.6604166666666667 0.4111111111111111 0.01875 0.025
0 0.7854166666666667 0.33819444444444446 0.020833333333333332 0.02638888888888889
0 0.53125 0.5326388888888889 0.0125 0.015277777777777777
0 0.8984375 0.21666666666666667 0.019791666666666666 0.025
0 0.9875 0.38819444444444445 0.022916666666666665 0.03194444444444444
0 0.9583333333333334 0.5381944444444444 0.014583333333333334 0.020833333333333332
0 0.965625 0.5388888888888889 0.008333333333333333 0.011111111111111112
0 0.9026041666666667 0.7340277777777777 0.019791666666666666 0.02361111111111111
0 0.7713541666666667 0.9055555555555556 0.021875 0.022222222222222223
0 0.7786458333333334 0.9215277777777777 0.023958333333333335 0.029166666666666667
0 0.7151041666666667 0.9625 0.028125 0.03611111111111111
0 0.7635416666666667 0.9555555555555556 0.025 0.03333333333333333
0 0.75625 0.9826388888888888 0.020833333333333332 0.02638888888888889
0 0.665625 0.8527777777777777 0.014583333333333334 0.019444444444444445
0 0.6515625 0.8638888888888889 0.015625 0.019444444444444445
0 0.6625 0.8701388888888889 0.016666666666666666 0.020833333333333332
0 0.49270833333333336 0.95 0.03333333333333333 0.044444444444444446
0 0.44947916666666665 0.7423611111111111 0.013541666666666667 0.018055555555555554
0 0.45260416666666664 0.6090277777777777 0.023958333333333335 0.03194444444444444
0 0.38385416666666666 0.6034722222222222 0.015625 0.020833333333333332
0 0.30416666666666664 0.8416666666666667 0.020833333333333332 0.025
0 0.309375 0.69375 0.020833333333333332 0.02638888888888889
0 0.3182291666666667 0.6326388888888889 0.019791666666666666 0.02361111111111111
0 0.15729166666666666 0.61875 0.0125 0.015277777777777777
0 0.10104166666666667 0.58125 0.0125 0.015277777777777777
0 0.03125 0.5833333333333334 0.01875 0.022222222222222223
0 0.0109375 0.6506944444444445 0.017708333333333333 0.02361111111111111
0 0.0703125 0.7618055555555555 0.028125 0.04027777777777778
0 0.0953125 0.7791666666666667 0.021875 0.030555555555555555
0 0.0484375 0.7902777777777777 0.026041666666666668 0.03333333333333333
0 0.03229166666666667 0.8166666666666667 0.022916666666666665 0.030555555555555555
0 0.14427083333333332 0.8506944444444444 0.028125 0.0375
0 0.1828125 0.8895833333333333 0.023958333333333335 0.02361111111111111
0 0.18854166666666666 0.9041666666666667 0.029166666666666667 0.025
0 0.1703125 0.9215277777777777 0.019791666666666666 0.020833333333333332
0 0.190625 0.9215277777777777 0.01875 0.018055555555555554
0 0.17291666666666666 0.9618055555555556 0.01875 0.02361111111111111
0 0.18385416666666668 0.9986111111111111 0.021875 0.025
