0 0.9932291666666667 0.00625 0.011458333333333333 0.03194444444444444
0 0.9927083333333333 0.03888888888888889 0.0125 0.022222222222222223
0 0.959375 0.05625 0.0125 0.015277777777777777
0 0.8546875 0.04583333333333333 0.036458333333333336 0.044444444444444446
0 0.7895833333333333 0.04375 0.014583333333333334 0.018055555555555554
0 0.8557291666666667 0.09583333333333334 0.028125 0.030555555555555555
0 0.8630208333333333 0.11736111111111111 0.019791666666666666 0.02638888888888889
0 0.8046875 0.11180555555555556 0.023958333333333335 0.029166666666666667
0 0.803125 0.13680555555555557 0.025 0.03194444444444444
0 0.6713541666666667 0.0125 0.028125 0.03888888888888889
0 0.675 0.06041666666666667 0.025 0.034722222222222224
0 0.5984375 0.06597222222222222 0.017708333333333333 0.02638888888888889
0 0.6052083333333333 0.10486111111111111 0.029166666666666667 0.04583333333333333
0 0.5854166666666667 0.09513888888888888 0.014583333333333334 0.0375
0 0.4708333333333333 0.058333333333333334 0.025 0.03333333333333333
0 0.384375 0.06666666666666667 0.05625 0.07222222222222222
0 0.30104166666666665 0.07222222222222222 0.022916666666666665 0.030555555555555555
0 0.334375 0.10069444444444445 0.029166666666666667 0.04027777777777778
0 0.34322916666666664 0.1326388888888889 0.019791666666666666 0.02361111111111111
0 0.2625 0.10833333333333334 0.020833333333333332 0.027777777777777776
0 0.019791666666666666 0.1388888888888889 0.020833333333333332 0.027777777777777776
0 0.008333333333333333 0.22569444444444445 0.03333333333333333 0.043055555555555555
0 0.078125 0.20902777777777778 0.027083333333333334 0.04027777777777778
0 0.09010416666666667 0.3729166666666667 0.03229166666666667 0.04027777777777778
0 0.17604166666666668 0.45 0.03333333333333333 0.044444444444444446
0 0.20520833333333333 0.43125 0.0375 0.04861111111111111
0 0.06614583333333333 0.5354166666666667 0.019791666666666666 0.02638888888888889
0 0.09114583333333333 0.5534722222222223 0.017708333333333333 0.03194444444444444
0 0.10677083333333333 0.5486111111111112 0.023958333333333335 0.03888888888888889
0 0.12291666666666666 0.5916666666666667 0.027083333333333334 0.03333333333333333
0 0.209375 0.6541666666666667 0.027083333333333334 0.03333333333333333
0 0.228125 0.5930555555555556 0.027083333333333334 0.03888888888888889
0 0.24375 0.6270833333333333 0.029166666666666667 0.043055555555555555
0 0.33541666666666664 0.6111111111111112 0.035416666666666666 0.05
0 0.2791666666666667 0.4326388888888889 0.027083333333333334 0.03194444444444444
0 0.25885416666666666 0.3263888888888889 0.026041666666666668 0.03888888888888889
0 0.30625 0.17291666666666666 0.027083333333333334 0.03194444444444444
0 0.328125 0.41944444444444445 0.025 0.03333333333333333
0 0.4401041666666667 0.5840277777777778 0.040625 0.04861111111111111
0 0.4546875 0.6020833333333333 0.015625 0.020833333333333332
0 0.49375 0.5611111111111111 0.029166666666666667 0.041666666666666664
0 0.3333333333333333 0.7430555555555556 0.03125 0.030555555555555555
0 0.5020833333333333 0.3076388888888889 0.022916666666666665 0.03194444444444444
0 0.5317708333333333 0.3402777777777778 0.03229166666666667 0.041666666666666664
0 0.5291666666666667 0.2861111111111111 0.029166666666666667 0.03611111111111111
0 0.4979166666666667 0.24930555555555556 0.020833333333333332 0.029166666666666667
0 0.4734375 0.22083333333333333 0.026041666666666668 0.03333333333333333
0 0.6036458333333333 0.43333333333333335 0.023958333333333335 0.03333333333333333
0 0.5598958333333334 0.5527777777777778 0.019791666666666666 0.025
0 0.6510416666666666 0.21597222222222223 0.03125 0.043055555555555555
0 0.7088541666666667 0.25555555555555554 0.04479166666666667 0.058333333333333334
0 0.7067708333333333 0.3298611111111111 0.026041666666666668 0.03194444444444444
0 0.721875 0.28888888888888886 0.020833333333333332 0.022222222222222223
0 0.7546875 0.5243055555555556 0.03229166666666667 0.0375
0 0.6953125 0.6173611111111111 0.021875 0.029166666666666667
0 0.7661458333333333 0.5944444444444444 0.019791666666666666 0.03888888888888889
0 0.78125 0.5965277777777778 0.008333333333333333 0.029166666666666667
0 0.80625 0.6125 0.029166666666666667 0.041666666666666664
0 0.8609375 0.4798611111111111 0.026041666666666668 0.034722222222222224
0 0.8510416666666667 0.3854166666666667 0.022916666666666665 0.029166666666666667
0 0.8994791666666667 0.28125 0.040625 0.05416666666666667
0 0.940625 0.32569444444444445 0.027083333333333334 0.034722222222222224
0 0.9244791666666666 0.34791666666666665 0.013541666666666667 0.018055555555555554
0 0.95 0.18333333333333332 0.0375 0.04722222222222222
0 0.9869791666666666 0.5090277777777777 0.023958333333333335 0.029166666666666667
0 0.9546875 0.5680555555555555 0.017708333333333333 0.019444444444444445
0 0.93125 0.9527777777777777 0.022916666666666665 0.022222222222222223
0 0.9354166666666667 0.9770833333333333 0.025 0.029166666666666667
0 0.7979166666666667 0.7881944444444444 0.035416666666666666 0.04583333333333333
0 0.7598958333333333 0.9013888888888889 0.030208333333333334 0.03611111111111111
0 0.7307291666666667 0.9777777777777777 0.03229166666666667 0.041666666666666664
0 0.6947916666666667 0.7715277777777778 0.035416666666666666 0.04583333333333333
0 0.6015625 0.8048611111111111 0.023958333333333335 0.03194444444444444
0 0.5213541666666667 0.76875 0.021875 0.029166666666666667
0 0.49114583333333334 0.9590277777777778 0.021875 0.029166666666666667
0 0.35989583333333336 0.7527777777777778 0.021875 0.025
0 0.3567708333333333 0.7291666666666666 0.013541666666666667 0.016666666666666666
0 0.45364583333333336 0.8402777777777778 0.015625 0.022222222222222223
0 0.26614583333333336 0.8756944444444444 0.034375 0.043055555555555555
0 0.14583333333333334 0.8736111111111111 0.035416666666666666 0.05
0 0.19270833333333334 0.8326388888888889 0.029166666666666667 0.04027777777777778
0 0.21614583333333334 0.8298611111111112 0.019791666666666666 0.03194444444444444
0 0.23177083333333334 0.8368055555555556 0.013541666666666667 0.018055555555555554
0 0.1171875 0.8902777777777777 0.026041666666666668 0.03611111111111111
0 0.025520833333333333 0.034027777777777775 0.015625 0.020833333333333332
0 0.6703125 0.17777777777777778 0.015625 0.019444444444444445
0 0.9015625 0.7868055555555555 0.019791666666666666 0.03194444444444444
0 0.8973958333333333 0.7583333333333333 0.017708333333333333 0.030555555555555555
0 0.9119791666666667 0.7652777777777777 0.015625 0.027777777777777776
