0 0.9494791666666667 0.059027777777777776 0.026041666666666668 0.03194444444444444
0 0.9901041666666667 0.12291666666666666 0.036458333333333336 0.043055555555555555
0 0.7796875 0.017361111111111112 0.030208333333333334 0.04027777777777778
0 0.7348958333333333 0.13680555555555557 0.034375 0.043055555555555555
0 0.008854166666666666 0.006944444444444444 0.017708333333333333 0.025
0 0.04739583333333333 0.25277777777777777 0.026041666666666668 0.030555555555555555
0 0.05 0.275 0.025 0.030555555555555555
0 0.18802083333333333 0.1798611111111111 0.03229166666666667 0.04027777777777778
0 0.22083333333333333 0.19375 0.020833333333333332 0.03194444444444444
0 0.253125 0.22361111111111112 0.03125 0.03888888888888889
0 0.27760416666666665 0.12222222222222222 0.023958333333333335 0.030555555555555555
0 0.3796875 0.14097222222222222 0.026041666666666668 0.03194444444444444
0 0.4395833333333333 0.1875 0.03333333333333333 0.041666666666666664
0 0.4244791666666667 0.2111111111111111 0.019791666666666666 0.027777777777777776
0 0.2046875 0.33958333333333335 0.023958333333333335 0.03194444444444444
0 0.11510416666666666 0.47152777777777777 0.019791666666666666 0.02638888888888889
0 0.005729166666666666 0.4875 0.011458333333333333 0.022222222222222223
0 0.11145833333333334 0.5263888888888889 0.022916666666666665 0.027777777777777776
0 0.20885416666666667 0.39375 0.015625 0.02361111111111111
0 0.23177083333333334 0.3902777777777778 0.019791666666666666 0.027777777777777776
0 0.24010416666666667 0.40902777777777777 0.028125 0.034722222222222224
0 0.25104166666666666 0.33819444444444446 0.016666666666666666 0.020833333333333332
0 0.26197916666666665 0.36736111111111114 0.040625 0.05416666666666667
0 0.27291666666666664 0.39444444444444443 0.020833333333333332 0.019444444444444445
0 0.25729166666666664 0.4979166666666667 0.029166666666666667 0.034722222222222224
0 0.28541666666666665 0.5777777777777777 0.04791666666666667 0.06111111111111111
0 0.23802083333333332 0.5472222222222223 0.019791666666666666 0.027777777777777776
0 0.2859375 0.4986111111111111 0.015625 0.022222222222222223
0 0.40625 0.4263888888888889 0.027083333333333334 0.03333333333333333
0 0.4015625 0.5465277777777777 0.015625 0.02361111111111111
0 0.4296875 0.35694444444444445 0.023958333333333335 0.027777777777777776
0 0.5296875 0.32569444444444445 0.034375 0.04583333333333333
0 0.4713541666666667 0.4777777777777778 0.013541666666666667 0.019444444444444445
0 0.5864583333333333 0.49236111111111114 0.016666666666666666 0.02361111111111111
0 0.6432291666666666 0.5854166666666667 0.015625 0.020833333333333332
0 0.6484375 0.34444444444444444 0.021875 0.027777777777777776
0 0.6859375 0.23819444444444443 0.023958333333333335 0.03194444444444444
0 0.7026041666666667 0.2111111111111111 0.023958333333333335 0.03333333333333333
0 0.6354166666666666 0.39444444444444443 0.022916666666666665 0.030555555555555555
0 0.8052083333333333 0.24930555555555556 0.052083333333333336 0.059722222222222225
0 0.80625 0.20902777777777778 0.029166666666666667 0.020833333333333332
0 0.8901041666666667 0.17569444444444443 0.019791666666666666 0.029166666666666667
0 0.9020833333333333 0.28055555555555556 0.025 0.03611111111111111
0 0.7744791666666667 0.4 0.03229166666666667 0.041666666666666664
0 0.8229166666666666 0.6270833333333333 0.0375 0.05416666666666667
0 0.8833333333333333 0.6611111111111111 0.029166666666666667 0.03888888888888889
0 0.9302083333333333 0.6756944444444445 0.027083333333333334 0.034722222222222224
0 0.9739583333333334 0.17291666666666666 0.03125 0.043055555555555555
0 0.965625 0.15208333333333332 0.025 0.034722222222222224
0 0.9541666666666667 0.19722222222222222 0.025 0.03611111111111111
0 0.9994791666666667 0.20208333333333334 0.017708333333333333 0.018055555555555554
0 0.9515625 0.9618055555555556 0.023958333333333335 0.03194444444444444
0 0.9114583333333334 0.9694444444444444 0.0375 0.041666666666666664
0 0.8786458333333333 0.7881944444444444 0.023958333333333335 0.03194444444444444
0 0.6744791666666666 0.8881944444444444 0.019791666666666666 0.02638888888888889
0 0.5010416666666667 0.81875 0.041666666666666664 0.05694444444444444
0 0.49375 0.7854166666666667 0.03333333333333333 0.0375
0 0.45989583333333334 0.9215277777777777 0.030208333333333334 0.04027777777777778
0 0.45208333333333334 0.8972222222222223 0.027083333333333334 0.027777777777777776
0 0.34739583333333335 0.9756944444444444 0.019791666666666666 0.02638888888888889
0 0.25885416666666666 0.9895833333333334 0.021875 0.018055555555555554
0 0.2171875 0.8423611111111111 0.017708333333333333 0.02361111111111111
0 0.7515625 0.5298611111111111 0.017708333333333333 0.020833333333333332
0 0.74375 0.49444444444444446 0.0125 0.016666666666666666
0 0.75625 0.55 0.014583333333333334 0.016666666666666666
0 0.5135416666666667 0.5180555555555556 0.016666666666666666 0.022222222222222223
0 0.8291666666666667 0.30416666666666664 0.01875 0.022222222222222223
0 0.3984375 0.15763888888888888 0.017708333333333333 0.020833333333333332
0 0.4635416666666667 0.06736111111111111 0.016666666666666666 0.020833333333333332
0 0.6713541666666667 0.3798611111111111 0.019791666666666666 0.02361111111111111
0 0.9744791666666667 0.42430555555555555 0.017708333333333333 0.02361111111111111
0 0.4296875 0.3 0.015625 0.025
0 0.5432291666666667 0.7618055555555555 0.017708333333333333 0.02638888888888889
0 0.628125 0.8097222222222222 0.01875 0.022222222222222223
0 0.075 0.41180555555555554 0.020833333333333332 0.029166666666666667
0 0.234375 0.7270833333333333 0.01875 0.02361111111111111
0 0.9515625 0.8736111111111111 0.026041666666666668 0.03611111111111111
0 0.9494791666666667 0.8236111111111111 0.017708333333333333 0.022222222222222223
0 0.9567708333333333 0.8388888888888889 0.015625 0.022222222222222223
