0 0.013541666666666667 0.4666666666666667 0.0625 0.08055555555555556
0 0.05260416666666667 0.12777777777777777 0.03229166666666667 0.03888888888888889
0 0.07552083333333333 0.39305555555555555 0.017708333333333333 0.022222222222222223
0 0.2265625 0.2659722222222222 0.03229166666666667 0.04583333333333333
0 0.2109375 0.020833333333333332 0.023958333333333335 0.03333333333333333
0 0.2 0.05555555555555555 0.022916666666666665 0.027777777777777776
0 0.19635416666666666 0.03611111111111111 0.011458333333333333 0.016666666666666666
0 0.2734375 0.1451388888888889 0.021875 0.029166666666666667
0 0.259375 0.2076388888888889 0.029166666666666667 0.0375
0 0.22864583333333333 0.475 0.036458333333333336 0.04722222222222222
0 0.3171875 0.43680555555555556 0.040625 0.05416666666666667
0 0.315625 0.2611111111111111 0.025 0.03333333333333333
0 0.34427083333333336 0.24097222222222223 0.03229166666666667 0.043055555555555555
0 0.3411458333333333 0.2652777777777778 0.015625 0.013888888888888888
0 0.3984375 0.28055555555555556 0.03229166666666667 0.03888888888888889
0 0.4192708333333333 0.025694444444444443 0.028125 0.034722222222222224
0 0.503125 0.2791666666666667 0.022916666666666665 0.027777777777777776
0 0.4375 0.4826388888888889 0.03958333333333333 0.05138888888888889
0 0.3567708333333333 0.56875 0.040625 0.04583333333333333
0 0.5020833333333333 0.5395833333333333 0.05416666666666667 0.06805555555555555
0 0.6614583333333334 0.21319444444444444 0.01875 0.02638888888888889
0 0.5177083333333333 0.5902777777777778 0.03958333333333333 0.05555555555555555
0 0.6276041666666666 0.31805555555555554 0.03854166666666667 0.05277777777777778
0 0.6375 0.3527777777777778 0.027083333333333334 0.03333333333333333
0 0.7296875 0.38263888888888886 0.03854166666666667 0.05138888888888889
0 0.653125 0.4625 0.025 0.030555555555555555
0 0.6166666666666667 0.45902777777777776 0.027083333333333334 0.03194444444444444
0 0.6078125 0.4826388888888889 0.021875 0.029166666666666667
0 0.7135416666666666 0.5180555555555556 0.022916666666666665 0.030555555555555555
0 0.7666666666666667 0.47708333333333336 0.035416666666666666 0.04583333333333333
0 0.990625 0.4527777777777778 0.016666666666666666 0.030555555555555555
0 0.9583333333333334 0.6388888888888888 0.014583333333333334 0.022222222222222223
0 0.9114583333333334 0.6770833333333334 0.0125 0.015277777777777777
0 0.9161458333333333 0.7347222222222223 0.03229166666666667 0.044444444444444446
0 0.9734375 0.7479166666666667 0.028125 0.04027777777777778
0 0.8859375 0.78125 0.034375 0.043055555555555555
0 0.8536458333333333 0.6930555555555555 0.040625 0.041666666666666664
0 0.8557291666666667 0.7243055555555555 0.028125 0.02361111111111111
0 0.8005208333333333 0.7083333333333334 0.03229166666666667 0.041666666666666664
0 0.8171875 0.7666666666666667 0.03229166666666667 0.041666666666666664
0 0.8145833333333333 0.825 0.027083333333333334 0.03611111111111111
0 0.9552083333333333 0.9097222222222222 0.03125 0.044444444444444446
0 0.9828125 0.9597222222222223 0.03229166666666667 0.04722222222222222
0 0.8645833333333334 0.9916666666666667 0.020833333333333332 0.027777777777777776
0 0.5848958333333333 0.7402777777777778 0.028125 0.03888888888888889
0 0.5401041666666667 0.7236111111111111 0.026041666666666668 0.03333333333333333
0 0.4505208333333333 0.8777777777777778 0.03229166666666667 0.04722222222222222
0 0.42291666666666666 0.8652777777777778 0.020833333333333332 0.030555555555555555
0 0.40260416666666665 0.9881944444444445 0.03229166666666667 0.04583333333333333
0 0.146875 0.9236111111111112 0.020833333333333332 0.030555555555555555
0 0.14479166666666668 0.6381944444444444 0.035416666666666666 0.04583333333333333
0 0.0859375 0.6715277777777777 0.030208333333333334 0.0375
0 0.035416666666666666 0.6194444444444445 0.027083333333333334 0.03611111111111111
0 0.0046875 0.7805555555555556 0.017708333333333333 0.022222222222222223
0 0.12239583333333333 0.2701388888888889 0.019791666666666666 0.02638888888888889
0 0.04583333333333333 0.3388888888888889 0.027083333333333334 0.03611111111111111
0 0.3953125 0.7548611111111111 0.023958333333333335 0.03194444444444444
0 0.8822916666666667 0.3388888888888889 0.025 0.027777777777777776
0 0.775 0.80625 0.020833333333333332 0.02638888888888889
0 0.5942708333333333 0.88125 0.017708333333333333 0.020833333333333332
0 0.37552083333333336 0.8458333333333333 0.017708333333333333 0.025
0 0.3411458333333333 0.9555555555555556 0.021875 0.027777777777777776
