0 0.9598958333333333 0.08333333333333333 0.026041666666666668 0.03333333333333333
0 0.8453125 0.06527777777777778 0.023958333333333335 0.027777777777777776
0 0.7427083333333333 0.13055555555555556 0.027083333333333334 0.03888888888888889
0 0.8557291666666667 0.2638888888888889 0.019791666666666666 0.025
0 0.9619791666666667 0.19166666666666668 0.013541666666666667 0.016666666666666666
0 0.7317708333333334 0.2625 0.013541666666666667 0.019444444444444445
0 0.6604166666666667 0.25972222222222224 0.025 0.030555555555555555
0 0.5630208333333333 0.2361111111111111 0.021875 0.025
0 0.5578125 0.25416666666666665 0.030208333333333334 0.03333333333333333
0 0.5010416666666667 0.04861111111111111 0.01875 0.025
0 0.4083333333333333 0.14652777777777778 0.022916666666666665 0.029166666666666667
0 0.42239583333333336 0.001388888888888889 0.013541666666666667 0.022222222222222223
0 0.34791666666666665 0.029861111111111113 0.03125 0.0375
0 0.30104166666666665 0.20416666666666666 0.016666666666666666 0.025
0 0.3072916666666667 0.05277777777777778 0.01875 0.025
0 0.31875 0.04513888888888889 0.016666666666666666 0.029166666666666667
0 0.2671875 0.15347222222222223 0.03229166666666667 0.04027777777777778
0 0.2359375 0.12291666666666666 0.015625 0.020833333333333332
0 0.2515625 0.17222222222222222 0.011458333333333333 0.011111111111111112
0 0.08541666666666667 0.07222222222222222 0.027083333333333334 0.03333333333333333
0 0.09895833333333333 0.03958333333333333 0.01875 0.02361111111111111
0 0.06510416666666667 0.16111111111111112 0.03229166666666667 0.03333333333333333
0 0.0625 0.1909722222222222 0.0375 0.0375
0 0.041666666666666664 0.48194444444444445 0.027083333333333334 0.03333333333333333
0 0.1734375 0.3402777777777778 0.021875 0.027777777777777776
0 0.253125 0.35694444444444445 0.01875 0.025
0 0.4739583333333333 0.5527777777777778 0.03333333333333333 0.044444444444444446
0 0.390625 0.6284722222222222 0.014583333333333334 0.020833333333333332
0 0.37864583333333335 0.6298611111111111 0.007291666666666667 0.009722222222222222
0 0.45416666666666666 0.6638888888888889 0.035416666666666666 0.03611111111111111
0 0.44947916666666665 0.6909722222222222 0.030208333333333334 0.029166666666666667
0 0.4348958333333333 0.6666666666666666 0.017708333333333333 0.025
0 0.5380208333333333 0.6020833333333333 0.028125 0.0375
0 0.5880208333333333 0.6555555555555556 0.028125 0.03611111111111111
0 0.6255208333333333 0.5770833333333333 0.028125 0.034722222222222224
0 0.6927083333333334 0.28958333333333336 0.03125 0.04027777777777778
0 0.7942708333333334 0.4361111111111111 0.019791666666666666 0.027777777777777776
0 0.8708333333333333 0.5847222222222223 0.04375 0.06111111111111111
0 0.8526041666666667 0.6263888888888889 0.03854166666666667 0.05
0 0.9 0.6340277777777777 0.035416666666666666 0.05138888888888889
0 0.9786458333333333 0.6798611111111111 0.013541666666666667 0.018055555555555554
0 0.6807291666666667 0.5951388888888889 0.030208333333333334 0.04027777777777778
0 0.6729166666666667 0.6277777777777778 0.029166666666666667 0.03888888888888889
0 0.6057291666666667 0.7569444444444444 0.053125 0.06666666666666667
0 0.7979166666666667 0.8125 0.025 0.030555555555555555
0 0.903125 0.9729166666666667 0.016666666666666666 0.020833333333333332
0 0.7833333333333333 0.9680555555555556 0.025 0.03333333333333333
0 0.7588541666666667 0.9618055555555556 0.028125 0.0375
0 0.7328125 0.9770833333333333 0.030208333333333334 0.0375
0 0.42552083333333335 0.9881944444444445 0.013541666666666667 0.018055555555555554
0 0.31927083333333334 0.9618055555555556 0.013541666666666667 0.015277777777777777
0 0.3692708333333333 0.8680555555555556 0.013541666666666667 0.022222222222222223
0 0.35 0.8701388888888889 0.010416666666666666 0.015277777777777777
0 0.3640625 0.8868055555555555 0.021875 0.029166666666666667
0 0.2671875 0.8493055555555555 0.015625 0.020833333333333332
0 0.22291666666666668 0.9298611111111111 0.020833333333333332 0.029166666666666667
0 0.2078125 0.8972222222222223 0.021875 0.027777777777777776
0 0.18697916666666667 0.9729166666666667 0.013541666666666667 0.015277777777777777
0 0.15 0.9 0.01875 0.025
0 0.16041666666666668 0.9097222222222222 0.027083333333333334 0.03611111111111111
0 0.09479166666666666 0.8965277777777778 0.020833333333333332 0.02638888888888889
0 0.020833333333333332 0.7993055555555556 0.027083333333333334 0.034722222222222224
