0 0.21875 0.06180555555555556 0.0375 0.043055555555555555
0 0.2171875 0.02847222222222222 0.03229166666666667 0.043055555555555555
0 0.21875 0.007638888888888889 0.03125 0.015277777777777777
0 0.28802083333333334 0.2777777777777778 0.023958333333333335 0.030555555555555555
0 0.29010416666666666 0.5048611111111111 0.028125 0.034722222222222224
0 0.19010416666666666 0.5729166666666666 0.015625 0.02361111111111111
0 0.196875 0.5611111111111111 0.0125 0.016666666666666666
0 0.3963541666666667 0.26319444444444445 0.015625 0.020833333333333332
0 0.4296875 0.4 0.019791666666666666 0.027777777777777776
0 0.3958333333333333 0.44930555555555557 0.01875 0.02638888888888889
0 0.5192708333333333 0.4465277777777778 0.03229166666666667 0.043055555555555555
0 0.5739583333333333 0.17430555555555555 0.025 0.034722222222222224
0 0.5692708333333333 0.5944444444444444 0.051041666666666666 0.06666666666666667
0 0.6984375 0.26319444444444445 0.019791666666666666 0.02638888888888889
0 0.8145833333333333 0.06319444444444444 0.04375 0.059722222222222225
0 0.878125 0.22013888888888888 0.027083333333333334 0.029166666666666667
0 0.878125 0.25 0.029166666666666667 0.03888888888888889
0 0.9166666666666666 0.1451388888888889 0.041666666666666664 0.05694444444444444
0 0.86875 0.38055555555555554 0.016666666666666666 0.022222222222222223
0 0.934375 0.46041666666666664 0.022916666666666665 0.029166666666666667
0 0.9145833333333333 0.9222222222222223 0.035416666666666666 0.04722222222222222
0 0.9203125 0.9993055555555556 0.023958333333333335 0.029166666666666667
0 0.7619791666666667 0.9020833333333333 0.030208333333333334 0.04027777777777778
0 0.7177083333333333 0.9944444444444445 0.020833333333333332 0.027777777777777776
0 0.5583333333333333 0.9972222222222222 0.0375 0.05
0 0.5765625 0.9840277777777777 0.011458333333333333 0.015277777777777777
0 0.31979166666666664 0.7166666666666667 0.027083333333333334 0.03333333333333333
0 0.30625 0.7694444444444445 0.014583333333333334 0.019444444444444445
0 0.3640625 0.7152777777777778 0.013541666666666667 0.016666666666666666
0 0.37916666666666665 0.7319444444444444 0.0125 0.016666666666666666
0 0.36614583333333334 0.7333333333333333 0.015625 0.019444444444444445
0 0.25364583333333335 0.6868055555555556 0.034375 0.043055555555555555
0 0.2296875 0.7236111111111111 0.03854166666666667 0.03333333333333333
0 0.23385416666666667 0.7631944444444444 0.03854166666666667 0.04861111111111111
0 0.278125 0.68125 0.016666666666666666 0.020833333333333332
0 0.28177083333333336 0.6986111111111111 0.013541666666666667 0.016666666666666666
0 0.12083333333333333 0.7 0.025 0.03333333333333333
0 0.13697916666666668 0.7069444444444445 0.015625 0.022222222222222223
0 0.26145833333333335 0.9972222222222222 0.025 0.030555555555555555
0 0.15572916666666667 0.8125 0.021875 0.025
0 0.15104166666666666 0.7944444444444444 0.010416666666666666 0.016666666666666666
0 0.07552083333333333 0.9875 0.015625 0.019444444444444445
0 0.0078125 0.7256944444444444 0.023958333333333335 0.03194444444444444
