0 0.9776041666666667 0.002777777777777778 0.019791666666666666 0.025
0 0.22291666666666668 0.006944444444444444 0.027083333333333334 0.03333333333333333
0 0.11458333333333333 0.14652777777777778 0.016666666666666666 0.02361111111111111
0 0.128125 0.20833333333333334 0.025 0.03333333333333333
0 0.4010416666666667 0.13472222222222222 0.01875 0.027777777777777776
0 0.39479166666666665 0.22291666666666668 0.01875 0.029166666666666667
0 0.425 0.30277777777777776 0.01875 0.022222222222222223
0 0.5067708333333333 0.27152777777777776 0.026041666666666668 0.03194444444444444
0 0.58125 0.2701388888888889 0.016666666666666666 0.02361111111111111
0 0.5432291666666667 0.3277777777777778 0.021875 0.027777777777777776
0 0.45625 0.04861111111111111 0.010416666666666666 0.013888888888888888
0 0.5375 0.35555555555555557 0.020833333333333332 0.027777777777777776
0 0.6854166666666667 0.1840277777777778 0.01875 0.02638888888888889
0 0.7385416666666667 0.33055555555555555 0.0375 0.04722222222222222
0 0.790625 0.0763888888888889 0.01875 0.025
0 0.8401041666666667 0.07847222222222222 0.017708333333333333 0.02361111111111111
0 0.828125 0.09722222222222222 0.014583333333333334 0.019444444444444445
0 0.81875 0.11458333333333333 0.010416666666666666 0.0125
0 0.8692708333333333 0.1875 0.028125 0.03611111111111111
0 0.909375 0.27152777777777776 0.027083333333333334 0.034722222222222224
0 0.9385416666666667 0.8145833333333333 0.014583333333333334 0.018055555555555554
0 0.9140625 0.5833333333333334 0.019791666666666666 0.022222222222222223
0 0.890625 0.5930555555555556 0.016666666666666666 0.019444444444444445
0 0.8786458333333333 0.5784722222222223 0.013541666666666667 0.015277777777777777
0 0.8359375 0.6847222222222222 0.019791666666666666 0.022222222222222223
0 0.7921875 0.8222222222222222 0.021875 0.027777777777777776
0 0.76875 0.9027777777777778 0.027083333333333334 0.03333333333333333
0 0.7838541666666666 0.9263888888888889 0.021875 0.027777777777777776
0 0.6932291666666667 0.9854166666666667 0.021875 0.02638888888888889
0 0.6640625 0.76875 0.026041666666666668 0.03194444444444444
0 0.5994791666666667 0.8576388888888888 0.034375 0.0375
0 0.5994791666666667 0.8854166666666666 0.028125 0.02638888888888889
0 0.7354166666666667 0.6125 0.052083333333333336 0.06666666666666667
0 0.6989583333333333 0.5263888888888889 0.04375 0.05277777777777778
0 0.728125 0.5263888888888889 0.01875 0.025
0 0.3729166666666667 0.8840277777777777 0.01875 0.02361111111111111
0 0.3703125 0.7368055555555556 0.030208333333333334 0.034722222222222224
0 0.44375 0.6034722222222222 0.016666666666666666 0.020833333333333332
0 0.334375 0.5944444444444444 0.01875 0.022222222222222223
0 0.22291666666666668 0.6590277777777778 0.029166666666666667 0.03194444444444444
0 0.22708333333333333 0.5625 0.03958333333333333 0.04722222222222222
0 0.45729166666666665 0.48680555555555555 0.04791666666666667 0.059722222222222225
0 0.4828125 0.4479166666666667 0.04479166666666667 0.059722222222222225
0 0.48489583333333336 0.40625 0.026041666666666668 0.03194444444444444
0 0.08802083333333334 0.49444444444444446 0.021875 0.027777777777777776
0 0.1171875 0.6354166666666666 0.021875 0.02638888888888889
0 0.0375 0.66875 0.022916666666666665 0.02638888888888889
0 0.0796875 0.41875 0.03854166666666667 0.04583333333333333
0 0.07864583333333333 0.38680555555555557 0.019791666666666666 0.02361111111111111
0 0.11614583333333334 0.7826388888888889 0.019791666666666666 0.02638888888888889
0 0.10625 0.79375 0.020833333333333332 0.02638888888888889
0 0.0953125 0.8916666666666667 0.026041666666666668 0.03611111111111111
