0 0.0296875 0.044444444444444446 0.015625 0.019444444444444445
0 0.13229166666666667 0.53125 0.022916666666666665 0.03194444444444444
0 0.14479166666666668 0.5222222222222223 0.01875 0.027777777777777776
0 0.19375 0.3888888888888889 0.01875 0.025
0 0.2791666666666667 0.325 0.025 0.03611111111111111
0 0.3125 0.125 0.027083333333333334 0.03333333333333333
0 0.29583333333333334 0.1798611111111111 0.014583333333333334 0.018055555555555554
0 0.3776041666666667 0.32013888888888886 0.011458333333333333 0.018055555555555554
0 0.46197916666666666 0.4111111111111111 0.019791666666666666 0.027777777777777776
0 0.6020833333333333 0.15763888888888888 0.020833333333333332 0.029166666666666667
0 0.65 0.075 0.016666666666666666 0.022222222222222223
0 0.7515625 0.06527777777777778 0.028125 0.03888888888888889
0 0.7614583333333333 0.04375 0.020833333333333332 0.02361111111111111
0 0.6786458333333333 0.2361111111111111 0.023958333333333335 0.030555555555555555
0 0.8604166666666667 0.31319444444444444 0.025 0.03194444444444444
0 0.9734375 0.1625 0.03854166666666667 0.03888888888888889
0 0.9713541666666666 0.19930555555555557 0.042708333333333334 0.04583333333333333
0 0.7354166666666667 0.4486111111111111 0.027083333333333334 0.03611111111111111
0 0.646875 0.4444444444444444 0.022916666666666665 0.027777777777777776
0 0.9432291666666667 0.8680555555555556 0.03229166666666667 0.044444444444444446
0 0.6958333333333333 0.8006944444444445 0.05416666666666667 0.07083333333333333
0 0.7354166666666667 0.6409722222222223 0.010416666666666666 0.015277777777777777
0 0.6364583333333333 0.625 0.01875 0.022222222222222223
0 0.5901041666666667 0.6777777777777778 0.021875 0.027777777777777776
0 0.634375 0.6125 0.01875 0.016666666666666666
0 0.5213541666666667 0.6083333333333333 0.019791666666666666 0.025
0 0.45260416666666664 0.6652777777777777 0.021875 0.027777777777777776
0 0.6083333333333333 0.8236111111111111 0.016666666666666666 0.022222222222222223
0 0.5651041666666666 0.9125 0.051041666666666666 0.06388888888888888
0 0.5447916666666667 0.9409722222222222 0.016666666666666666 0.020833333333333332
0 0.16302083333333334 0.59375 0.028125 0.03194444444444444
0 0.2557291666666667 0.7354166666666667 0.013541666666666667 0.015277777777777777
0 0.25885416666666666 0.7465277777777778 0.009375 0.009722222222222222
0 0.6333333333333333 0.8534722222222222 0.010416666666666666 0.0125
0 0.4322916666666667 0.8145833333333333 0.0125 0.015277777777777777
0 0.22135416666666666 0.75625 0.007291666666666667 0.009722222222222222
0 0.10572916666666667 0.8909722222222223 0.034375 0.043055555555555555
