0 0.12708333333333333 0.011111111111111112 0.01875 0.022222222222222223
0 0.209375 0.10486111111111111 0.016666666666666666 0.02361111111111111
0 0.20416666666666666 0.18472222222222223 0.016666666666666666 0.019444444444444445
0 0.18072916666666666 0.2965277777777778 0.015625 0.018055555555555554
0 0.027604166666666666 0.4423611111111111 0.015625 0.018055555555555554
0 0.005208333333333333 0.43125 0.010416666666666666 0.034722222222222224
0 0.33489583333333334 0.39375 0.046875 0.059722222222222225
0 0.49583333333333335 0.26944444444444443 0.03958333333333333 0.05555555555555555
0 0.5473958333333333 0.14444444444444443 0.026041666666666668 0.03611111111111111
0 0.5427083333333333 0.11944444444444445 0.01875 0.025
0 0.5984375 0.4638888888888889 0.017708333333333333 0.025
0 0.7020833333333333 0.3798611111111111 0.025 0.0375
0 0.8057291666666667 0.44583333333333336 0.017708333333333333 0.027777777777777776
0 0.9109375 0.3055555555555556 0.023958333333333335 0.03611111111111111
0 0.8984375 0.30416666666666664 0.003125 0.002777777777777778
0 0.9109375 0.20694444444444443 0.013541666666666667 0.019444444444444445
0 0.80625 0.07777777777777778 0.016666666666666666 0.022222222222222223
0 0.9510416666666667 0.03125 0.014583333333333334 0.020833333333333332
0 0.8864583333333333 0.5263888888888889 0.014583333333333334 0.016666666666666666
0 0.95625 0.5319444444444444 0.01875 0.022222222222222223
0 0.95625 0.5541666666666667 0.01875 0.022222222222222223
0 0.9572916666666667 0.5736111111111111 0.016666666666666666 0.025
0 0.9557291666666666 0.5986111111111111 0.034375 0.04722222222222222
0 0.9505208333333334 0.8173611111111111 0.042708333333333334 0.05138888888888889
0 0.9447916666666667 0.8479166666666667 0.03333333333333333 0.04583333333333333
0 0.703125 0.7618055555555555 0.01875 0.02361111111111111
0 0.6572916666666667 0.9666666666666667 0.025 0.03333333333333333
0 0.4395833333333333 0.7631944444444444 0.025 0.03194444444444444
0 0.5088541666666667 0.6743055555555556 0.013541666666666667 0.020833333333333332
0 0.5822916666666667 0.9659722222222222 0.016666666666666666 0.020833333333333332
0 0.271875 0.6395833333333333 0.03958333333333333 0.05694444444444444
0 0.3046875 0.9013888888888889 0.028125 0.03333333333333333
0 0.3078125 0.8743055555555556 0.017708333333333333 0.02638888888888889
0 0.37916666666666665 0.9430555555555555 0.035416666666666666 0.05
0 0.28958333333333336 0.7680555555555556 0.016666666666666666 0.022222222222222223
0 0.0421875 0.9666666666666667 0.013541666666666667 0.013888888888888888
0 0.042708333333333334 0.9784722222222222 0.008333333333333333 0.0125
