0 0.025 0.006944444444444444 0.022916666666666665 0.013888888888888888
0 0.14583333333333334 0.33819444444444446 0.03333333333333333 0.04583333333333333
0 0.3229166666666667 0.1597222222222222 0.020833333333333332 0.030555555555555555
0 0.4046875 0.14166666666666666 0.06354166666666666 0.08888888888888889
0 0.5119791666666667 0.18472222222222223 0.040625 0.05277777777777778
0 0.5161458333333333 0.15347222222222223 0.017708333333333333 0.02638888888888889
0 0.8098958333333334 0.17708333333333334 0.023958333333333335 0.03194444444444444
0 0.8234375 0.25069444444444444 0.03229166666666667 0.04027777777777778
0 0.8244791666666667 0.22291666666666668 0.013541666666666667 0.018055555555555554
0 0.984375 0.40555555555555556 0.025 0.03611111111111111
0 0.9947916666666666 0.3770833333333333 0.008333333333333333 0.02361111111111111
0 0.9786458333333333 0.6715277777777777 0.013541666666666667 0.018055555555555554
0 0.5177083333333333 0.5409722222222222 0.029166666666666667 0.0375
0 0.4817708333333333 0.6381944444444444 0.051041666666666666 0.06527777777777778
0 0.5302083333333333 0.7520833333333333 0.020833333333333332 0.02638888888888889
0 0.6411458333333333 0.7472222222222222 0.021875 0.030555555555555555
0 0.659375 0.7430555555555556 0.016666666666666666 0.022222222222222223
0 0.7854166666666667 0.9166666666666666 0.025 0.03333333333333333
0 0.3609375 0.5354166666666667 0.023958333333333335 0.029166666666666667
0 0.3151041666666667 0.5458333333333333 0.023958333333333335 0.03333333333333333
0 0.28020833333333334 0.6125 0.01875 0.025
0 0.2713541666666667 0.6215277777777778 0.023958333333333335 0.03194444444444444
0 0.18333333333333332 0.9222222222222223 0.020833333333333332 0.025
0 0.25104166666666666 0.9972222222222222 0.020833333333333332 0.027777777777777776
0 0.21822916666666667 0.8194444444444444 0.013541666666666667 0.019444444444444445
