0 0.43333333333333335 0.12986111111111112 0.022916666666666665 0.029166666666666667
0 0.4 0.21319444444444444 0.09166666666666666 0.11527777777777778
0 0.26614583333333336 0.21319444444444444 0.051041666666666666 0.06805555555555555
0 0.3796875 0.006944444444444444 0.04479166666666667 0.06666666666666667
0 0.41041666666666665 0.0020833333333333333 0.03958333333333333 0.059722222222222225
0 0.0765625 0.7055555555555556 0.034375 0.041666666666666664
0 0.14427083333333332 0.49166666666666664 0.04479166666666667 0.06111111111111111
0 0.10729166666666666 0.6944444444444444 0.029166666666666667 0.03888888888888889
0 0.13020833333333334 0.5284722222222222 0.016666666666666666 0.02361111111111111
0 0.16770833333333332 0.78125 0.035416666666666666 0.04861111111111111
0 0.18854166666666666 0.8076388888888889 0.05416666666666667 0.07083333333333333
0 0.0067708333333333336 0.9375 0.04895833333333333 0.06388888888888888
0 0.3125 0.9194444444444444 0.020833333333333332 0.027777777777777776
0 0.359375 0.9423611111111111 0.04583333333333333 0.059722222222222225
0 0.3390625 0.36736111111111114 0.034375 0.04027777777777778
0 0.3072916666666667 0.9388888888888889 0.008333333333333333 0.011111111111111112
0 0.5333333333333333 0.8694444444444445 0.041666666666666664 0.05277777777777778
0 0.6239583333333333 0.9493055555555555 0.03958333333333333 0.04861111111111111
0 0.621875 0.6527777777777778 0.052083333333333336 0.06944444444444445
0 0.6677083333333333 0.4548611111111111 0.0375 0.05138888888888889
0 0.6744791666666666 0.7861111111111111 0.042708333333333334 0.04722222222222222
0 0.6734375 0.8208333333333333 0.046875 0.05
0 0.8203125 0.6576388888888889 0.057291666666666664 0.07083333333333333
0 0.86875 0.3729166666666667 0.035416666666666666 0.04583333333333333
0 0.95625 0.4125 0.027083333333333334 0.03333333333333333
0 0.9661458333333334 0.4326388888888889 0.036458333333333336 0.04861111111111111
0 0.9776041666666667 0.6423611111111112 0.036458333333333336 0.04861111111111111
0 0.9729166666666667 0.6743055555555556 0.01875 0.020833333333333332
0 0.6578125 0.16805555555555557 0.026041666666666668 0.03333333333333333
