0 0.07447916666666667 0.05 0.078125 0.1
0 0.1421875 0.22777777777777777 0.036458333333333336 0.05277777777777778
0 0.19010416666666666 0.03958333333333333 0.019791666666666666 0.02638888888888889
0 0.21979166666666666 0.03194444444444444 0.01875 0.027777777777777776
0 0.20885416666666667 0.027083333333333334 0.013541666666666667 0.018055555555555554
0 0.17395833333333333 0.6326388888888889 0.035416666666666666 0.043055555555555555
0 0.4453125 0.33055555555555555 0.109375 0.14166666666666666
0 0.4041666666666667 0.30694444444444446 0.03333333333333333 0.04722222222222222
0 0.4942708333333333 0.5479166666666667 0.04479166666666667 0.0625
0 0.5885416666666666 0.5875 0.04791666666666667 0.06666666666666667
0 0.6729166666666667 0.5715277777777777 0.027083333333333334 0.0375
0 0.6145833333333334 0.4527777777777778 0.035416666666666666 0.04722222222222222
0 0.590625 0.30694444444444446 0.027083333333333334 0.03333333333333333
0 0.6432291666666666 0.01597222222222222 0.026041666666666668 0.03194444444444444
0 0.6875 0.013194444444444444 0.06666666666666667 0.02638888888888889
0 0.6880208333333333 0.24513888888888888 0.04895833333333333 0.059722222222222225
0 0.8328125 0.050694444444444445 0.053125 0.07083333333333333
0 0.7489583333333333 0.30416666666666664 0.04583333333333333 0.05
0 0.7489583333333333 0.3472222222222222 0.041666666666666664 0.03333333333333333
0 0.7796875 0.5388888888888889 0.057291666666666664 0.08333333333333333
0 0.8114583333333333 0.5284722222222222 0.025 0.043055555555555555
0 0.91875 0.05694444444444444 0.0375 0.044444444444444446
0 0.9276041666666667 0.9076388888888889 0.03854166666666667 0.05416666666666667
0 0.9322916666666666 0.7027777777777777 0.01875 0.027777777777777776
0 0.9203125 0.6895833333333333 0.013541666666666667 0.020833333333333332
0 0.9375 0.6868055555555556 0.010416666666666666 0.015277777777777777
0 0.9020833333333333 0.7777777777777778 0.03333333333333333 0.03333333333333333
0 0.9015625 0.8180555555555555 0.05520833333333333 0.075
0 0.10572916666666667 0.8409722222222222 0.023958333333333335 0.03194444444444444
