0 0.050520833333333334 0.08055555555555556 0.03854166666666667 0.05
0 0.06770833333333333 0.029166666666666667 0.04375 0.05
0 0.06145833333333333 0.6694444444444444 0.052083333333333336 0.058333333333333334
0 0.21666666666666667 0.2722222222222222 0.08333333333333333 0.1111111111111111
0 0.17447916666666666 0.26319444444444445 0.034375 0.06805555555555555
0 0.2635416666666667 0.14444444444444443 0.06458333333333334 0.08055555555555556
0 0.37916666666666665 0.27847222222222223 0.05 0.06527777777777778
0 0.43645833333333334 0.2638888888888889 0.058333333333333334 0.075
0 0.5119791666666667 0.30069444444444443 0.03229166666666667 0.043055555555555555
0 0.44375 0.46319444444444446 0.04583333333333333 0.059722222222222225
0 0.25833333333333336 0.5180555555555556 0.05416666666666667 0.07222222222222222
0 0.21822916666666667 0.6222222222222222 0.03229166666666667 0.03888888888888889
0 0.5421875 0.03333333333333333 0.06979166666666667 0.06666666666666667
0 0.8489583333333334 0.029166666666666667 0.09166666666666666 0.05555555555555555
0 0.8046875 0.11805555555555555 0.03229166666666667 0.03611111111111111
0 0.8635416666666667 0.19236111111111112 0.09375 0.12361111111111112
0 0.9046875 0.09097222222222222 0.028125 0.03194444444444444
0 0.765625 0.2013888888888889 0.03333333333333333 0.03888888888888889
0 0.7854166666666667 0.22430555555555556 0.03125 0.04027777777777778
0 0.6786458333333333 0.02638888888888889 0.021875 0.025
0 0.68125 0.049305555555555554 0.01875 0.02361111111111111
0 0.7296875 0.45069444444444445 0.046875 0.0625
0 0.9364583333333333 0.6930555555555555 0.03333333333333333 0.05
0 0.8552083333333333 0.7215277777777778 0.05 0.06527777777777778
0 0.8786458333333333 0.8881944444444444 0.071875 0.09583333333333334
0 0.8302083333333333 0.8763888888888889 0.03333333333333333 0.041666666666666664
0 0.7390625 0.8451388888888889 0.053125 0.06805555555555555
0 0.5932291666666667 0.7006944444444444 0.026041666666666668 0.034722222222222224
0 0.31145833333333334 0.8756944444444444 0.03333333333333333 0.04027777777777778
0 0.059895833333333336 0.7513888888888889 0.14895833333333333 0.19166666666666668
0 0.020833333333333332 0.8229166666666666 0.025 0.034722222222222224
