0 0.022395833333333334 0.1486111111111111 0.023958333333333335 0.030555555555555555
0 0.1078125 0.3645833333333333 0.015625 0.02361111111111111
0 0.20260416666666667 0.027083333333333334 0.019791666666666666 0.02361111111111111
0 0.26875 0.009722222222222222 0.035416666666666666 0.019444444444444445
0 0.25729166666666664 0.2048611111111111 0.027083333333333334 0.03194444444444444
0 0.20104166666666667 0.2513888888888889 0.016666666666666666 0.022222222222222223
0 0.2953125 0.17847222222222223 0.028125 0.034722222222222224
0 0.2953125 0.28541666666666665 0.017708333333333333 0.02361111111111111
0 0.390625 0.2847222222222222 0.020833333333333332 0.027777777777777776
0 0.3260416666666667 0.33819444444444446 0.014583333333333334 0.018055555555555554
0 0.44166666666666665 0.29583333333333334 0.016666666666666666 0.022222222222222223
0 0.51875 0.2861111111111111 0.010416666666666666 0.016666666666666666
0 0.540625 0.06597222222222222 0.0125 0.018055555555555554
0 0.5640625 0.16944444444444445 0.026041666666666668 0.030555555555555555
0 0.6546875 0.28958333333333336 0.021875 0.02638888888888889
0 0.7432291666666667 0.375 0.03229166666666667 0.044444444444444446
0 0.6838541666666667 0.3645833333333333 0.011458333333333333 0.015277777777777777
0 0.7333333333333333 0.2152777777777778 0.014583333333333334 0.019444444444444445
0 0.7880208333333333 0.13541666666666666 0.026041666666666668 0.029166666666666667
0 0.7979166666666667 0.04652777777777778 0.029166666666666667 0.034722222222222224
0 0.8088541666666667 0.009722222222222222 0.03229166666666667 0.019444444444444445
0 0.8265625 0.33541666666666664 0.023958333333333335 0.03194444444444444
0 0.9375 0.1326388888888889 0.03125 0.04027777777777778
0 0.9494791666666667 0.05486111111111111 0.034375 0.04583333333333333
0 0.9890625 0.015277777777777777 0.019791666666666666 0.030555555555555555
0 0.9067708333333333 0.27291666666666664 0.028125 0.029166666666666667
0 0.9057291666666667 0.29375 0.021875 0.018055555555555554
0 0.6666666666666666 0.42083333333333334 0.025 0.030555555555555555
0 0.7286458333333333 0.44375 0.023958333333333335 0.029166666666666667
0 0.8697916666666666 0.46111111111111114 0.016666666666666666 0.019444444444444445
0 0.9515625 0.5256944444444445 0.028125 0.034722222222222224
0 0.8979166666666667 0.525 0.022916666666666665 0.030555555555555555
0 0.9447916666666667 0.6631944444444444 0.03125 0.04027777777777778
0 0.9130208333333333 0.7118055555555556 0.023958333333333335 0.029166666666666667
0 0.8692708333333333 0.6395833333333333 0.015625 0.020833333333333332
0 0.8348958333333333 0.5743055555555555 0.026041666666666668 0.029166666666666667
0 0.7380208333333333 0.6076388888888888 0.021875 0.02638888888888889
0 0.6697916666666667 0.5659722222222222 0.027083333333333334 0.03194444444444444
0 0.6614583333333334 0.5166666666666667 0.022916666666666665 0.027777777777777776
0 0.6171875 0.50625 0.023958333333333335 0.02638888888888889
0 0.6182291666666667 0.5298611111111111 0.017708333333333333 0.02361111111111111
0 0.6541666666666667 0.6604166666666667 0.022916666666666665 0.029166666666666667
0 0.709375 0.7659722222222223 0.03333333333333333 0.04583333333333333
0 0.5536458333333333 0.7083333333333334 0.04895833333333333 0.06388888888888888
0 0.578125 0.7458333333333333 0.022916666666666665 0.030555555555555555
0 0.49635416666666665 0.73125 0.023958333333333335 0.03194444444444444
0 0.4666666666666667 0.5618055555555556 0.03125 0.04027777777777778
0 0.32916666666666666 0.7180555555555556 0.016666666666666666 0.022222222222222223
0 0.37135416666666665 0.7451388888888889 0.023958333333333335 0.029166666666666667
0 0.215625 0.6243055555555556 0.020833333333333332 0.02638888888888889
0 0.09427083333333333 0.68125 0.034375 0.043055555555555555
0 0.057291666666666664 0.6777777777777778 0.022916666666666665 0.030555555555555555
0 0.0671875 0.6486111111111111 0.015625 0.022222222222222223
0 0.0828125 0.5444444444444444 0.030208333333333334 0.03888888888888889
0 0.04635416666666667 0.5291666666666667 0.026041666666666668 0.03333333333333333
0 0.022395833333333334 0.5201388888888889 0.017708333333333333 0.02638888888888889
0 0.19427083333333334 0.8465277777777778 0.030208333333333334 0.04583333333333333
0 0.2109375 0.8520833333333333 0.021875 0.03194444444444444
0 0.225 0.81875 0.020833333333333332 0.029166666666666667
0 0.3541666666666667 0.8451388888888889 0.01875 0.02638888888888889
0 0.3651041666666667 0.8854166666666666 0.015625 0.02361111111111111
0 0.346875 0.9027777777777778 0.014583333333333334 0.019444444444444445
0 0.2875 0.9666666666666667 0.016666666666666666 0.022222222222222223
0 0.46041666666666664 0.8375 0.025 0.030555555555555555
0 0.5005208333333333 0.8555555555555555 0.040625 0.05555555555555555
0 0.45677083333333335 0.9118055555555555 0.017708333333333333 0.02638888888888889
0 0.575 0.8791666666666667 0.022916666666666665 0.030555555555555555
0 0.6119791666666666 0.8486111111111111 0.026041666666666668 0.03333333333333333
0 0.6354166666666666 0.7243055555555555 0.014583333333333334 0.020833333333333332
0 0.6786458333333333 0.8666666666666667 0.021875 0.030555555555555555
0 0.7088541666666667 0.9076388888888889 0.021875 0.02638888888888889
0 0.7494791666666667 0.9381944444444444 0.023958333333333335 0.034722222222222224
0 0.775 0.9770833333333333 0.020833333333333332 0.02638888888888889
0 0.8015625 0.9770833333333333 0.028125 0.0375
0 0.9786458333333333 0.9034722222222222 0.023958333333333335 0.03194444444444444
0 0.03697916666666667 0.9847222222222223 0.028125 0.03333333333333333
0 0.020833333333333332 0.9006944444444445 0.022916666666666665 0.029166666666666667
0 0.05520833333333333 0.8763888888888889 0.01875 0.025
0 0.2171875 0.9493055555555555 0.013541666666666667 0.018055555555555554
0 0.09791666666666667 0.64375 0.016666666666666666 0.020833333333333332
0 0.24583333333333332 0.4625 0.01875 0.025
