0 0.027604166666666666 0.26875 0.030208333333333334 0.034722222222222224
0 0.03802083333333333 0.2520833333333333 0.017708333333333333 0.018055555555555554
0 0.10260416666666666 0.13055555555555556 0.046875 0.05555555555555555
0 0.09791666666666667 0.08541666666666667 0.0375 0.04027777777777778
0 0.1203125 0.18611111111111112 0.028125 0.03888888888888889
0 0.11927083333333334 0.30625 0.026041666666666668 0.034722222222222224
0 0.1859375 0.24861111111111112 0.023958333333333335 0.030555555555555555
0 0.19375 0.0875 0.027083333333333334 0.03611111111111111
0 0.1578125 0.38055555555555554 0.015625 0.019444444444444445
0 0.2864583333333333 0.19305555555555556 0.027083333333333334 0.03333333333333333
0 0.29635416666666664 0.2534722222222222 0.026041666666666668 0.034722222222222224
0 0.3234375 0.23958333333333334 0.021875 0.02638888888888889
0 0.2869791666666667 0.32708333333333334 0.021875 0.029166666666666667
0 0.24583333333333332 0.3263888888888889 0.01875 0.025
0 0.3567708333333333 0.24513888888888888 0.017708333333333333 0.02361111111111111
0 0.34479166666666666 0.3194444444444444 0.014583333333333334 0.019444444444444445
0 0.44583333333333336 0.17847222222222223 0.027083333333333334 0.034722222222222224
0 0.4119791666666667 0.17708333333333334 0.019791666666666666 0.02361111111111111
0 0.50625 0.21736111111111112 0.03125 0.04027777777777778
0 0.5869791666666667 0.17847222222222223 0.030208333333333334 0.0375
0 0.6239583333333333 0.1388888888888889 0.020833333333333332 0.025
0 0.6546875 0.04236111111111111 0.023958333333333335 0.029166666666666667
0 0.6682291666666667 0.02847222222222222 0.015625 0.020833333333333332
0 0.6755208333333333 0.10138888888888889 0.026041666666666668 0.03611111111111111
0 0.6510416666666666 0.09513888888888888 0.016666666666666666 0.020833333333333332
0 0.6791666666666667 0.15902777777777777 0.020833333333333332 0.02638888888888889
0 0.8130208333333333 0.30972222222222223 0.028125 0.03611111111111111
0 0.9395833333333333 0.225 0.03125 0.041666666666666664
0 0.9911458333333333 0.4722222222222222 0.021875 0.030555555555555555
0 0.9822916666666667 0.4951388888888889 0.0125 0.015277777777777777
0 0.9515625 0.6340277777777777 0.026041666666666668 0.034722222222222224
0 0.9359375 0.6736111111111112 0.026041666666666668 0.03333333333333333
0 0.940625 0.6930555555555555 0.010416666666666666 0.013888888888888888
0 0.9078125 0.6145833333333334 0.026041666666666668 0.034722222222222224
0 0.8354166666666667 0.5902777777777778 0.027083333333333334 0.03611111111111111
0 0.7953125 0.5048611111111111 0.017708333333333333 0.020833333333333332
0 0.6729166666666667 0.41944444444444445 0.027083333333333334 0.03611111111111111
0 0.7125 0.42083333333333334 0.020833333333333332 0.027777777777777776
0 0.6203125 0.43680555555555556 0.026041666666666668 0.03194444444444444
0 0.5703125 0.5548611111111111 0.036458333333333336 0.05416666666666667
0 0.5510416666666667 0.5958333333333333 0.03125 0.03888888888888889
0 0.5276041666666667 0.5763888888888888 0.023958333333333335 0.030555555555555555
0 0.5296875 0.5 0.021875 0.027777777777777776
0 0.6989583333333333 0.5729166666666666 0.022916666666666665 0.029166666666666667
0 0.6901041666666666 0.6166666666666667 0.017708333333333333 0.022222222222222223
0 0.7265625 0.6875 0.019791666666666666 0.027777777777777776
0 0.43645833333333334 0.4625 0.04791666666666667 0.058333333333333334
0 0.3963541666666667 0.5423611111111111 0.028125 0.034722222222222224
0 0.4119791666666667 0.5583333333333333 0.013541666666666667 0.016666666666666666
0 0.3984375 0.5729166666666666 0.017708333333333333 0.02361111111111111
0 0.3333333333333333 0.45 0.01875 0.022222222222222223
0 0.28489583333333335 0.5354166666666667 0.030208333333333334 0.043055555555555555
0 0.27395833333333336 0.6361111111111111 0.022916666666666665 0.030555555555555555
0 0.2484375 0.5076388888888889 0.017708333333333333 0.02361111111111111
0 0.03854166666666667 0.55 0.016666666666666666 0.022222222222222223
0 0.0515625 0.5590277777777778 0.019791666666666666 0.02638888888888889
0 0.0375 0.6097222222222223 0.035416666666666666 0.05277777777777778
0 0.06145833333333333 0.6923611111111111 0.020833333333333332 0.029166666666666667
0 0.040625 0.6784722222222223 0.022916666666666665 0.029166666666666667
0 0.09114583333333333 0.5645833333333333 0.015625 0.02361111111111111
0 0.12291666666666666 0.4708333333333333 0.0125 0.016666666666666666
0 0.009375 0.46041666666666664 0.01875 0.02638888888888889
0 0.015104166666666667 0.6027777777777777 0.030208333333333334 0.06111111111111111
0 0.022916666666666665 0.7604166666666666 0.025 0.03194444444444444
0 0.04895833333333333 0.7625 0.014583333333333334 0.022222222222222223
0 0.11510416666666666 0.79375 0.026041666666666668 0.034722222222222224
0 0.10208333333333333 0.8277777777777777 0.016666666666666666 0.022222222222222223
0 0.19791666666666666 0.9791666666666666 0.01875 0.025
0 0.24114583333333334 0.9423611111111111 0.019791666666666666 0.02361111111111111
0 0.4197916666666667 0.8541666666666666 0.0375 0.05
0 0.44947916666666665 0.8368055555555556 0.019791666666666666 0.02361111111111111
0 0.48541666666666666 0.9902777777777778 0.020833333333333332 0.030555555555555555
0 0.4713541666666667 0.9673611111111111 0.019791666666666666 0.02638888888888889
0 0.5453125 0.9034722222222222 0.028125 0.0375
0 0.6776041666666667 0.8194444444444444 0.026041666666666668 0.03611111111111111
0 0.7375 0.8444444444444444 0.035416666666666666 0.044444444444444446
0 0.7432291666666667 0.9770833333333333 0.053125 0.06805555555555555
0 0.6942708333333333 0.9881944444444445 0.026041666666666668 0.034722222222222224
0 0.9302083333333333 0.14097222222222222 0.025 0.03194444444444444
0 0.8885416666666667 0.09652777777777778 0.020833333333333332 0.02638888888888889
0 0.8697916666666666 0.34444444444444444 0.022916666666666665 0.03333333333333333
