0 0.06354166666666666 0.03888888888888889 0.016666666666666666 0.022222222222222223
0 0.1125 0.08194444444444444 0.016666666666666666 0.022222222222222223
0 0.290625 0.04375 0.03125 0.043055555555555555
0 0.26979166666666665 0.07430555555555556 0.01875 0.02361111111111111
0 0.35052083333333334 0.06805555555555555 0.019791666666666666 0.025
0 0.8890625 0.0763888888888889 0.023958333333333335 0.030555555555555555
0 0.91875 0.10138888888888889 0.03125 0.041666666666666664
0 0.8598958333333333 0.07152777777777777 0.017708333333333333 0.02361111111111111
0 0.9776041666666667 0.37916666666666665 0.026041666666666668 0.03611111111111111
0 0.9614583333333333 0.40625 0.029166666666666667 0.04027777777777778
0 0.7911458333333333 0.32569444444444445 0.023958333333333335 0.03194444444444444
0 0.796875 0.3527777777777778 0.0125 0.019444444444444445
0 0.7520833333333333 0.18819444444444444 0.01875 0.02361111111111111
0 0.9182291666666667 0.45416666666666666 0.013541666666666667 0.019444444444444445
0 0.9244791666666666 0.5020833333333333 0.023958333333333335 0.03194444444444444
0 0.7020833333333333 0.13958333333333334 0.03333333333333333 0.04027777777777778
0 0.6526041666666667 0.14444444444444443 0.028125 0.03333333333333333
0 0.6989583333333333 0.36180555555555555 0.03125 0.0375
0 0.48125 0.2361111111111111 0.027083333333333334 0.03611111111111111
0 0.4505208333333333 0.41597222222222224 0.021875 0.029166666666666667
0 0.4765625 0.47847222222222224 0.023958333333333335 0.029166666666666667
0 0.40572916666666664 0.23819444444444443 0.030208333333333334 0.04027777777777778
0 0.24114583333333334 0.38819444444444445 0.026041666666666668 0.034722222222222224
0 0.221875 0.3902777777777778 0.020833333333333332 0.030555555555555555
0 0.22291666666666668 0.35833333333333334 0.022916666666666665 0.027777777777777776
0 0.1359375 0.44166666666666665 0.028125 0.03611111111111111
0 0.07864583333333333 0.44722222222222224 0.03229166666666667 0.03888888888888889
0 0.10416666666666667 0.42569444444444443 0.035416666666666666 0.04583333333333333
0 0.11614583333333334 0.44375 0.019791666666666666 0.02361111111111111
0 0.12552083333333333 0.4 0.023958333333333335 0.03333333333333333
0 0.14166666666666666 0.3729166666666667 0.020833333333333332 0.02361111111111111
0 0.13385416666666666 0.35 0.021875 0.030555555555555555
0 0.109375 0.34791666666666665 0.027083333333333334 0.0375
0 0.1515625 0.2569444444444444 0.023958333333333335 0.030555555555555555
0 0.13541666666666666 0.16180555555555556 0.01875 0.02638888888888889
0 0.09166666666666666 0.20555555555555555 0.014583333333333334 0.019444444444444445
0 0.0109375 0.15902777777777777 0.021875 0.03194444444444444
0 0.07447916666666667 0.3541666666666667 0.034375 0.044444444444444446
0 0.0828125 0.39305555555555555 0.028125 0.030555555555555555
0 0.09010416666666667 0.36944444444444446 0.026041666666666668 0.030555555555555555
0 0.10677083333333333 0.5423611111111111 0.028125 0.034722222222222224
0 0.06614583333333333 0.6236111111111111 0.017708333333333333 0.025
0 0.03958333333333333 0.6854166666666667 0.022916666666666665 0.029166666666666667
0 0.0625 0.69375 0.022916666666666665 0.03194444444444444
0 0.020833333333333332 0.7854166666666667 0.025 0.03194444444444444
0 0.0359375 0.7944444444444444 0.017708333333333333 0.027777777777777776
0 0.14791666666666667 0.6069444444444444 0.022916666666666665 0.030555555555555555
0 0.16458333333333333 0.5951388888888889 0.014583333333333334 0.020833333333333332
0 0.3078125 0.6138888888888889 0.036458333333333336 0.044444444444444446
0 0.3619791666666667 0.6145833333333334 0.028125 0.0375
0 0.3265625 0.7083333333333334 0.057291666666666664 0.075
0 0.3328125 0.6715277777777777 0.013541666666666667 0.018055555555555554
0 0.28177083333333336 0.79375 0.030208333333333334 0.0375
0 0.38125 0.7604166666666666 0.01875 0.02638888888888889
0 0.40572916666666664 0.7895833333333333 0.034375 0.04861111111111111
0 0.4822916666666667 0.75625 0.035416666666666666 0.04861111111111111
0 0.4859375 0.5069444444444444 0.023958333333333335 0.030555555555555555
0 0.46197916666666666 0.8333333333333334 0.028125 0.03888888888888889
0 0.5520833333333334 0.79375 0.020833333333333332 0.02638888888888889
0 0.5572916666666666 0.8055555555555556 0.008333333333333333 0.011111111111111112
0 0.6291666666666667 0.7673611111111112 0.0375 0.04861111111111111
0 0.6255208333333333 0.8006944444444445 0.021875 0.029166666666666667
0 0.7114583333333333 0.7444444444444445 0.025 0.03333333333333333
0 0.7369791666666666 0.6798611111111111 0.023958333333333335 0.02638888888888889
0 0.7328125 0.6611111111111111 0.017708333333333333 0.016666666666666666
0 0.8036458333333333 0.5326388888888889 0.030208333333333334 0.04027777777777778
0 0.840625 0.6041666666666666 0.022916666666666665 0.030555555555555555
0 0.86875 0.6173611111111111 0.029166666666666667 0.04027777777777778
0 0.8947916666666667 0.6881944444444444 0.027083333333333334 0.0375
0 0.8557291666666667 0.7583333333333333 0.028125 0.03333333333333333
0 0.578125 0.8222222222222222 0.0125 0.016666666666666666
0 0.834375 0.7375 0.016666666666666666 0.019444444444444445
0 0.7661458333333333 0.8493055555555555 0.026041666666666668 0.029166666666666667
0 0.9296875 0.8208333333333333 0.036458333333333336 0.044444444444444446
0 0.9630208333333333 0.6625 0.030208333333333334 0.03888888888888889
0 0.9489583333333333 0.8861111111111111 0.03958333333333333 0.05277777777777778
0 0.9135416666666667 0.9284722222222223 0.022916666666666665 0.029166666666666667
0 0.8869791666666667 0.8944444444444445 0.019791666666666666 0.025
0 0.8557291666666667 0.9319444444444445 0.023958333333333335 0.027777777777777776
0 0.8583333333333333 0.95 0.014583333333333334 0.013888888888888888
0 0.8416666666666667 0.9708333333333333 0.010416666666666666 0.013888888888888888
0 0.5703125 0.8819444444444444 0.019791666666666666 0.025
0 0.5130208333333334 0.9090277777777778 0.021875 0.029166666666666667
0 0.509375 0.9444444444444444 0.0125 0.013888888888888888
0 0.3411458333333333 0.9576388888888889 0.017708333333333333 0.02361111111111111
0 0.32135416666666666 0.9659722222222222 0.023958333333333335 0.029166666666666667
0 0.25416666666666665 0.8909722222222223 0.029166666666666667 0.034722222222222224
0 0.1375 0.9416666666666667 0.020833333333333332 0.027777777777777776
0 0.1578125 0.9638888888888889 0.017708333333333333 0.025
0 0.14322916666666666 0.9916666666666667 0.028125 0.013888888888888888
0 0.011458333333333333 0.9430555555555555 0.022916666666666665 0.027777777777777776
0 0.0125 0.9618055555555556 0.014583333333333334 0.0125
0 0.8859375 0.10069444444444445 0.021875 0.02361111111111111
