0 0.09739583333333333 0.04722222222222222 0.03229166666666667 0.044444444444444446
0 0.49947916666666664 0.04375 0.026041666666666668 0.03194444444444444
0 0.8703125 0.001388888888888889 0.030208333333333334 0.03888888888888889
0 0.9026041666666667 0.016666666666666666 0.023958333333333335 0.030555555555555555
0 0.8895833333333333 0.03888888888888889 0.020833333333333332 0.027777777777777776
0 0.8776041666666666 0.059027777777777776 0.015625 0.020833333333333332
0 0.9635416666666666 0.08125 0.016666666666666666 0.020833333333333332
0 0.9760416666666667 0.18472222222222223 0.041666666666666664 0.05555555555555555
0 0.8755208333333333 0.21805555555555556 0.040625 0.05
0 0.828125 0.17222222222222222 0.035416666666666666 0.044444444444444446
0 0.9317708333333333 0.3333333333333333 0.017708333333333333 0.022222222222222223
0 0.9828125 0.34791666666666665 0.023958333333333335 0.03194444444444444
0 0.9770833333333333 0.3819444444444444 0.025 0.03333333333333333
0 0.9010416666666666 0.3597222222222222 0.03333333333333333 0.04722222222222222
0 0.9713541666666666 0.44583333333333336 0.026041666666666668 0.03611111111111111
0 0.9473958333333333 0.44722222222222224 0.017708333333333333 0.022222222222222223
0 0.6510416666666666 0.2298611111111111 0.025 0.034722222222222224
0 0.6177083333333333 0.2111111111111111 0.025 0.030555555555555555
0 0.6161458333333333 0.23055555555555557 0.017708333333333333 0.019444444444444445
0 0.5989583333333334 0.31319444444444444 0.020833333333333332 0.02638888888888889
0 0.5697916666666667 0.32222222222222224 0.022916666666666665 0.030555555555555555
0 0.49114583333333334 0.25972222222222224 0.019791666666666666 0.025
0 0.4796875 0.18194444444444444 0.026041666666666668 0.030555555555555555
0 0.46197916666666666 0.21458333333333332 0.023958333333333335 0.03194444444444444
0 0.4046875 0.3277777777777778 0.034375 0.04722222222222222
0 0.3515625 0.44722222222222224 0.019791666666666666 0.025
0 0.34322916666666664 0.41875 0.019791666666666666 0.02638888888888889
0 0.23385416666666667 0.4444444444444444 0.026041666666666668 0.03611111111111111
0 0.22552083333333334 0.41875 0.019791666666666666 0.02638888888888889
0 0.33541666666666664 0.1361111111111111 0.020833333333333332 0.025
0 0.08072916666666667 0.15 0.036458333333333336 0.05
0 0.13229166666666667 0.14652777777777778 0.020833333333333332 0.02638888888888889
0 0.0953125 0.22083333333333333 0.023958333333333335 0.03611111111111111
0 0.10677083333333333 0.2111111111111111 0.013541666666666667 0.019444444444444445
0 0.023958333333333335 0.24513888888888888 0.020833333333333332 0.029166666666666667
0 0.06041666666666667 0.3770833333333333 0.027083333333333334 0.034722222222222224
0 0.1296875 0.4652777777777778 0.015625 0.022222222222222223
0 0.1375 0.4895833333333333 0.020833333333333332 0.029166666666666667
0 0.027604166666666666 0.4215277777777778 0.017708333333333333 0.02638888888888889
0 0.044270833333333336 0.5194444444444445 0.019791666666666666 0.025
0 0.0203125 0.6868055555555556 0.017708333333333333 0.020833333333333332
0 0.0453125 0.7833333333333333 0.023958333333333335 0.03333333333333333
0 0.059895833333333336 0.8027777777777778 0.017708333333333333 0.027777777777777776
0 0.09791666666666667 0.7972222222222223 0.022916666666666665 0.030555555555555555
0 0.3098958333333333 0.6215277777777778 0.019791666666666666 0.02638888888888889
0 0.1390625 0.5805555555555556 0.019791666666666666 0.027777777777777776
0 0.1375 0.6451388888888889 0.016666666666666666 0.02361111111111111
0 0.3619791666666667 0.6493055555555556 0.028125 0.04027777777777778
0 0.3536458333333333 0.6993055555555555 0.021875 0.029166666666666667
0 0.3609375 0.7541666666666667 0.026041666666666668 0.03888888888888889
0 0.378125 0.7583333333333333 0.014583333333333334 0.030555555555555555
0 0.39114583333333336 0.7770833333333333 0.015625 0.020833333333333332
0 0.3932291666666667 0.8298611111111112 0.026041666666666668 0.0375
0 0.3692708333333333 0.8270833333333333 0.017708333333333333 0.03194444444444444
0 0.3614583333333333 0.8180555555555555 0.014583333333333334 0.019444444444444445
0 0.5390625 0.8506944444444444 0.03854166666666667 0.05138888888888889
0 0.5567708333333333 0.675 0.015625 0.019444444444444445
0 0.6859375 0.75 0.028125 0.03888888888888889
0 0.7479166666666667 0.5944444444444444 0.027083333333333334 0.03611111111111111
0 0.7515625 0.5125 0.026041666666666668 0.03333333333333333
0 0.8171875 0.5493055555555556 0.030208333333333334 0.04027777777777778
0 0.7828125 0.6486111111111111 0.036458333333333336 0.05
0 0.8015625 0.6638888888888889 0.013541666666666667 0.016666666666666666
0 0.8640625 0.6138888888888889 0.021875 0.027777777777777776
0 0.7770833333333333 0.7604166666666666 0.016666666666666666 0.020833333333333332
0 0.7067708333333333 0.8229166666666666 0.011458333333333333 0.018055555555555554
0 0.7510416666666667 0.86875 0.020833333333333332 0.02638888888888889
0 0.8463541666666666 0.8333333333333334 0.053125 0.06666666666666667
0 0.8880208333333334 0.7819444444444444 0.019791666666666666 0.025
0 0.8932291666666666 0.7326388888888888 0.023958333333333335 0.029166666666666667
0 0.9859375 0.9402777777777778 0.026041666666666668 0.03888888888888889
0 0.8239583333333333 0.9916666666666667 0.027083333333333334 0.013888888888888888
0 0.7078125 0.98125 0.019791666666666666 0.02638888888888889
0 0.6244791666666667 0.9604166666666667 0.028125 0.034722222222222224
0 0.5276041666666667 0.8854166666666666 0.013541666666666667 0.020833333333333332
0 0.5010416666666667 0.9347222222222222 0.03125 0.044444444444444446
0 0.5546875 0.8930555555555556 0.017708333333333333 0.022222222222222223
0 0.36822916666666666 0.9909722222222223 0.026041666666666668 0.015277777777777777
0 0.3890625 0.9923611111111111 0.017708333333333333 0.0125
0 0.5505208333333333 0.8798611111111111 0.019791666666666666 0.018055555555555554
0 0.2078125 0.9111111111111111 0.026041666666666668 0.03333333333333333
0 0.08385416666666666 0.8659722222222223 0.021875 0.029166666666666667
0 0.05677083333333333 0.9743055555555555 0.023958333333333335 0.03194444444444444
0 0.20052083333333334 0.13958333333333334 0.013541666666666667 0.018055555555555554
0 0.5260416666666666 0.15347222222222223 0.022916666666666665 0.03194444444444444
0 0.5380208333333333 0.15069444444444444 0.019791666666666666 0.02638888888888889
0 0.42083333333333334 0.16875 0.020833333333333332 0.02638888888888889
