0 0.83125 0.022916666666666665 0.027083333333333334 0.034722222222222224
0 0.5473958333333333 0.001388888888888889 0.026041666666666668 0.03333333333333333
0 0.5828125 0.0006944444444444445 0.011458333333333333 0.018055555555555554
0 0.43645833333333334 0.007638888888888889 0.0125 0.018055555555555554
0 0.18697916666666667 0.03333333333333333 0.021875 0.044444444444444446
0 0.20520833333333333 0.03333333333333333 0.025 0.044444444444444446
0 0.25 0.027083333333333334 0.016666666666666666 0.02361111111111111
0 0.016145833333333335 0.2708333333333333 0.030208333333333334 0.041666666666666664
0 0.028125 0.32916666666666666 0.01875 0.025
0 0.03125 0.30972222222222223 0.0125 0.013888888888888888
0 0.053125 0.3138888888888889 0.016666666666666666 0.022222222222222223
0 0.05416666666666667 0.3472222222222222 0.01875 0.025
0 0.046875 0.3298611111111111 0.014583333333333334 0.018055555555555554
0 0.06354166666666666 0.40902777777777777 0.027083333333333334 0.04027777777777778
0 0.0203125 0.49236111111111114 0.030208333333333334 0.04027777777777778
0 0.06822916666666666 0.6472222222222223 0.03229166666666667 0.03611111111111111
0 0.16770833333333332 0.10486111111111111 0.020833333333333332 0.02638888888888889
0 0.20572916666666666 0.1361111111111111 0.046875 0.06111111111111111
0 0.29635416666666664 0.11458333333333333 0.030208333333333334 0.0375
0 0.25364583333333335 0.16944444444444445 0.036458333333333336 0.04722222222222222
0 0.24583333333333332 0.2388888888888889 0.03333333333333333 0.044444444444444446
0 0.2989583333333333 0.2013888888888889 0.016666666666666666 0.019444444444444445
0 0.2828125 0.2513888888888889 0.017708333333333333 0.022222222222222223
0 0.26979166666666665 0.2625 0.014583333333333334 0.022222222222222223
0 0.3515625 0.5145833333333333 0.030208333333333334 0.0375
0 0.4119791666666667 0.49583333333333335 0.015625 0.022222222222222223
0 0.56875 0.10555555555555556 0.01875 0.025
0 0.596875 0.14305555555555555 0.016666666666666666 0.025
0 0.6291666666666667 0.22916666666666666 0.025 0.03333333333333333
0 0.6140625 0.2388888888888889 0.013541666666666667 0.016666666666666666
0 0.5255208333333333 0.3888888888888889 0.042708333333333334 0.05555555555555555
0 0.5703125 0.39861111111111114 0.04479166666666667 0.06111111111111111
0 0.640625 0.3972222222222222 0.03333333333333333 0.044444444444444446
0 0.6677083333333333 0.3597222222222222 0.01875 0.027777777777777776
0 0.5067708333333333 0.43680555555555556 0.021875 0.029166666666666667
0 0.4822916666666667 0.5111111111111111 0.027083333333333334 0.03888888888888889
0 0.5333333333333333 0.5847222222222223 0.01875 0.022222222222222223
0 0.6338541666666667 0.5701388888888889 0.011458333333333333 0.018055555555555554
0 0.6947916666666667 0.11666666666666667 0.01875 0.025
0 0.7375 0.17847222222222223 0.01875 0.02638888888888889
0 0.6921875 0.19930555555555557 0.030208333333333334 0.04027777777777778
0 0.7151041666666667 0.19791666666666666 0.026041666666666668 0.034722222222222224
0 0.7046875 0.23125 0.036458333333333336 0.034722222222222224
0 0.7671875 0.23333333333333334 0.04479166666666667 0.05555555555555555
0 0.8515625 0.22083333333333333 0.017708333333333333 0.022222222222222223
0 0.8619791666666666 0.22916666666666666 0.015625 0.022222222222222223
0 0.8864583333333333 0.13402777777777777 0.027083333333333334 0.034722222222222224
0 0.9010416666666666 0.11180555555555556 0.016666666666666666 0.020833333333333332
0 0.9208333333333333 0.13819444444444445 0.027083333333333334 0.034722222222222224
0 0.9552083333333333 0.40902777777777777 0.022916666666666665 0.02638888888888889
0 0.9572916666666667 0.4305555555555556 0.022916666666666665 0.027777777777777776
0 0.9697916666666667 0.4722222222222222 0.027083333333333334 0.03888888888888889
0 0.9578125 0.3173611111111111 0.013541666666666667 0.018055555555555554
0 0.9192708333333334 0.4395833333333333 0.013541666666666667 0.018055555555555554
0 0.9130208333333333 0.4513888888888889 0.017708333333333333 0.027777777777777776
0 0.7578125 0.46111111111111114 0.017708333333333333 0.025
0 0.7583333333333333 0.48680555555555555 0.025 0.034722222222222224
0 0.7015625 0.3861111111111111 0.023958333333333335 0.030555555555555555
0 0.9614583333333333 0.6298611111111111 0.027083333333333334 0.029166666666666667
0 0.9645833333333333 0.6576388888888889 0.03125 0.04027777777777778
0 0.9416666666666667 0.6444444444444445 0.027083333333333334 0.041666666666666664
0 0.9177083333333333 0.6423611111111112 0.0125 0.015277777777777777
0 0.8921875 0.6451388888888889 0.019791666666666666 0.02638888888888889
0 0.9078125 0.6645833333333333 0.019791666666666666 0.02638888888888889
0 0.8958333333333334 0.6881944444444444 0.027083333333333334 0.034722222222222224
0 0.7354166666666667 0.6194444444444445 0.025 0.03333333333333333
0 0.7510416666666667 0.6361111111111111 0.016666666666666666 0.022222222222222223
0 0.73125 0.7277777777777777 0.029166666666666667 0.03888888888888889
0 0.8885416666666667 0.8638888888888889 0.014583333333333334 0.019444444444444445
0 0.9020833333333333 0.7388888888888889 0.01875 0.025
0 0.7671875 0.7305555555555555 0.017708333333333333 0.022222222222222223
0 0.778125 0.8402777777777778 0.027083333333333334 0.03333333333333333
0 0.7854166666666667 0.8715277777777778 0.027083333333333334 0.034722222222222224
0 0.6729166666666667 0.90625 0.016666666666666666 0.018055555555555554
0 0.6822916666666666 0.9895833333333334 0.016666666666666666 0.018055555555555554
0 0.5505208333333333 0.9888888888888889 0.019791666666666666 0.019444444444444445
0 0.5041666666666667 0.7826388888888889 0.0125 0.018055555555555554
0 0.48072916666666665 0.6125 0.019791666666666666 0.025
0 0.38125 0.6888888888888889 0.01875 0.027777777777777776
0 0.36875 0.8270833333333333 0.016666666666666666 0.02361111111111111
0 0.28020833333333334 0.7270833333333333 0.01875 0.02361111111111111
0 0.22083333333333333 0.6819444444444445 0.04375 0.05555555555555555
0 0.18802083333333333 0.7013888888888888 0.03229166666666667 0.041666666666666664
0 0.2 0.7319444444444444 0.027083333333333334 0.03333333333333333
0 0.16614583333333333 0.7597222222222222 0.042708333333333334 0.05555555555555555
0 0.09895833333333333 0.9041666666666667 0.025 0.03333333333333333
0 0.15364583333333334 0.9680555555555556 0.023958333333333335 0.030555555555555555
0 0.022395833333333334 0.7666666666666667 0.013541666666666667 0.019444444444444445
0 0.034375 0.8388888888888889 0.016666666666666666 0.025
0 0.5020833333333333 0.9215277777777777 0.05625 0.07361111111111111
0 0.9234375 0.9291666666666667 0.051041666666666666 0.06111111111111111
0 0.9276041666666667 0.98125 0.034375 0.034722222222222224
