0 0.7744791666666667 0.05486111111111111 0.021875 0.029166666666666667
0 0.7552083333333334 0.06458333333333334 0.025 0.034722222222222224
0 0.715625 0.05486111111111111 0.022916666666666665 0.03194444444444444
0 0.703125 0.07847222222222222 0.01875 0.029166666666666667
0 0.5614583333333333 0.08888888888888889 0.025 0.03333333333333333
0 0.5458333333333333 0.09861111111111111 0.025 0.03333333333333333
0 0.5432291666666667 0.07916666666666666 0.017708333333333333 0.013888888888888888
0 0.20260416666666667 0.013888888888888888 0.03229166666666667 0.044444444444444446
0 0.171875 0.05416666666666667 0.025 0.03333333333333333
0 0.0828125 0.08680555555555555 0.021875 0.029166666666666667
0 0.07291666666666667 0.19583333333333333 0.01875 0.022222222222222223
0 0.2390625 0.15833333333333333 0.030208333333333334 0.03888888888888889
0 0.22604166666666667 0.26875 0.022916666666666665 0.029166666666666667
0 0.14791666666666667 0.3388888888888889 0.022916666666666665 0.030555555555555555
0 0.12395833333333334 0.43194444444444446 0.01875 0.025
0 0.15208333333333332 0.41180555555555554 0.01875 0.02361111111111111
0 0.1625 0.4013888888888889 0.010416666666666666 0.013888888888888888
0 0.05416666666666667 0.5631944444444444 0.014583333333333334 0.020833333333333332
0 0.34791666666666665 0.3034722222222222 0.029166666666666667 0.03194444444444444
0 0.3463541666666667 0.3284722222222222 0.028125 0.029166666666666667
0 0.3703125 0.2965277777777778 0.013541666666666667 0.020833333333333332
0 0.4046875 0.42291666666666666 0.036458333333333336 0.04861111111111111
0 0.39010416666666664 0.5847222222222223 0.030208333333333334 0.041666666666666664
0 0.3796875 0.55625 0.011458333333333333 0.015277777777777777
0 0.5697916666666667 0.21458333333333332 0.029166666666666667 0.04027777777777778
0 0.5958333333333333 0.4 0.029166666666666667 0.03611111111111111
0 0.5932291666666667 0.4305555555555556 0.03229166666666667 0.03611111111111111
0 0.5994791666666667 0.61875 0.040625 0.05694444444444444
0 0.7208333333333333 0.16319444444444445 0.029166666666666667 0.04027777777777778
0 0.7244791666666667 0.19583333333333333 0.017708333333333333 0.022222222222222223
0 0.8322916666666667 0.36875 0.0125 0.03194444444444444
0 0.8458333333333333 0.36666666666666664 0.01875 0.027777777777777776
0 0.828125 0.4701388888888889 0.020833333333333332 0.029166666666666667
0 0.8692708333333333 0.5638888888888889 0.036458333333333336 0.04722222222222222
0 0.9005208333333333 0.5840277777777778 0.036458333333333336 0.05138888888888889
0 0.9135416666666667 0.6347222222222222 0.01875 0.027777777777777776
0 0.9427083333333334 0.46111111111111114 0.01875 0.025
0 0.9348958333333334 0.1638888888888889 0.021875 0.027777777777777776
0 0.9307291666666667 0.1840277777777778 0.017708333333333333 0.018055555555555554
0 0.9333333333333333 0.22569444444444445 0.008333333333333333 0.0125
0 0.9072916666666667 0.7270833333333333 0.01875 0.02638888888888889
0 0.8369791666666667 0.7770833333333333 0.019791666666666666 0.029166666666666667
0 0.8197916666666667 0.8013888888888889 0.03333333333333333 0.04722222222222222
0 0.7119791666666667 0.8 0.015625 0.022222222222222223
0 0.6994791666666667 0.8 0.013541666666666667 0.019444444444444445
0 0.5848958333333333 0.8430555555555556 0.021875 0.030555555555555555
0 0.4510416666666667 0.7430555555555556 0.03333333333333333 0.03333333333333333
0 0.45208333333333334 0.7701388888888889 0.03333333333333333 0.02638888888888889
0 0.4630208333333333 0.7006944444444444 0.013541666666666667 0.018055555555555554
0 0.42916666666666664 0.9305555555555556 0.025 0.03333333333333333
0 0.39427083333333335 0.975 0.026041666666666668 0.03333333333333333
0 0.5260416666666666 0.9881944444444445 0.020833333333333332 0.020833333333333332
0 0.21666666666666667 0.7138888888888889 0.014583333333333334 0.016666666666666666
0 0.1734375 0.7583333333333333 0.019791666666666666 0.025
0 0.10416666666666667 0.7486111111111111 0.014583333333333334 0.022222222222222223
