0 0.016145833333333335 0.37083333333333335 0.023958333333333335 0.03333333333333333
0 0.008854166666666666 0.4305555555555556 0.017708333333333333 0.022222222222222223
0 0.050520833333333334 0.42916666666666664 0.021875 0.030555555555555555
0 0.06354166666666666 0.24027777777777778 0.01875 0.025
0 0.12604166666666666 0.275 0.025 0.03333333333333333
0 0.16666666666666666 0.27708333333333335 0.01875 0.02361111111111111
0 0.2109375 0.01875 0.017708333333333333 0.02361111111111111
0 0.3703125 0.005555555555555556 0.017708333333333333 0.011111111111111112
0 0.3177083333333333 0.23194444444444445 0.020833333333333332 0.027777777777777776
0 0.3 0.34930555555555554 0.025 0.03194444444444444
0 0.25833333333333336 0.5277777777777778 0.035416666666666666 0.044444444444444446
0 0.48072916666666665 0.3784722222222222 0.026041666666666668 0.034722222222222224
0 0.44895833333333335 0.4326388888888889 0.03333333333333333 0.04027777777777778
0 0.4421875 0.4701388888888889 0.034375 0.043055555555555555
0 0.4864583333333333 0.4909722222222222 0.01875 0.02638888888888889
0 0.5869791666666667 0.1763888888888889 0.013541666666666667 0.016666666666666666
0 0.6145833333333334 0.2965277777777778 0.016666666666666666 0.02638888888888889
0 0.6380208333333334 0.15 0.026041666666666668 0.03888888888888889
0 0.671875 0.24583333333333332 0.010416666666666666 0.013888888888888888
0 0.7421875 0.1111111111111111 0.034375 0.044444444444444446
0 0.8125 0.14166666666666666 0.016666666666666666 0.022222222222222223
0 0.8807291666666667 0.12916666666666668 0.015625 0.022222222222222223
0 0.859375 0.14444444444444443 0.020833333333333332 0.025
0 0.9598958333333333 0.3215277777777778 0.023958333333333335 0.029166666666666667
0 0.7963541666666667 0.3326388888888889 0.03229166666666667 0.04027777777777778
0 0.8635416666666667 0.4375 0.025 0.03333333333333333
0 0.9614583333333333 0.5020833333333333 0.025 0.03194444444444444
0 0.9515625 0.5270833333333333 0.005208333333333333 0.009722222222222222
0 0.9494791666666667 0.5673611111111111 0.013541666666666667 0.018055555555555554
0 0.9859375 0.8833333333333333 0.026041666666666668 0.041666666666666664
0 0.9703125 0.99375 0.021875 0.029166666666666667
0 0.8291666666666667 0.6409722222222223 0.027083333333333334 0.0375
0 0.7973958333333333 0.6638888888888889 0.021875 0.030555555555555555
0 0.8520833333333333 0.9972222222222222 0.027083333333333334 0.03888888888888889
0 0.7322916666666667 0.7472222222222222 0.025 0.03333333333333333
0 0.7020833333333333 0.6652777777777777 0.022916666666666665 0.030555555555555555
0 0.5645833333333333 0.8770833333333333 0.020833333333333332 0.02638888888888889
0 0.5619791666666667 0.9145833333333333 0.028125 0.04027777777777778
0 0.44427083333333334 0.9444444444444444 0.011458333333333333 0.013888888888888888
0 0.46145833333333336 0.825 0.016666666666666666 0.022222222222222223
0 0.4744791666666667 0.7493055555555556 0.013541666666666667 0.015277777777777777
0 0.4359375 0.5604166666666667 0.015625 0.018055555555555554
0 0.42239583333333336 0.7958333333333333 0.017708333333333333 0.022222222222222223
0 0.4083333333333333 0.8590277777777777 0.022916666666666665 0.029166666666666667
0 0.3932291666666667 0.9111111111111111 0.023958333333333335 0.03333333333333333
0 0.3651041666666667 0.9097222222222222 0.03229166666666667 0.041666666666666664
0 0.3265625 0.8902777777777777 0.026041666666666668 0.03611111111111111
0 0.24583333333333332 0.7381944444444445 0.03333333333333333 0.043055555555555555
0 0.2078125 0.61875 0.030208333333333334 0.04027777777777778
0 0.18802083333333333 0.6236111111111111 0.026041666666666668 0.041666666666666664
0 0.19739583333333333 0.5951388888888889 0.030208333333333334 0.02361111111111111
0 0.16145833333333334 0.6222222222222222 0.027083333333333334 0.03611111111111111
0 0.025 0.5930555555555556 0.03125 0.044444444444444446
0 0.0067708333333333336 0.5506944444444445 0.021875 0.02638888888888889
0 0.03125 0.6798611111111111 0.025 0.020833333333333332
0 0.04114583333333333 0.7145833333333333 0.053125 0.06805555555555555
0 0.07395833333333333 0.7423611111111111 0.027083333333333334 0.043055555555555555
0 0.08072916666666667 0.7145833333333333 0.017708333333333333 0.018055555555555554
0 0.090625 0.7361111111111112 0.016666666666666666 0.030555555555555555
0 0.078125 0.8777777777777778 0.022916666666666665 0.025
0 0.11197916666666667 0.83125 0.013541666666666667 0.018055555555555554
