0 0.8458333333333333 0.03888888888888889 0.029166666666666667 0.03611111111111111
0 0.8182291666666667 0.05625 0.023958333333333335 0.029166666666666667
0 0.8619791666666666 0.09166666666666666 0.019791666666666666 0.022222222222222223
0 0.9177083333333333 0.1076388888888889 0.014583333333333334 0.018055555555555554
0 0.8354166666666667 0.10972222222222222 0.014583333333333334 0.016666666666666666
0 0.8515625 0.13819444444444445 0.019791666666666666 0.02638888888888889
0 0.9395833333333333 0.2465277777777778 0.016666666666666666 0.020833333333333332
0 0.93125 0.3 0.0375 0.044444444444444446
0 0.8234375 0.19930555555555557 0.021875 0.02638888888888889
0 0.8088541666666667 0.24722222222222223 0.023958333333333335 0.030555555555555555
0 0.7369791666666666 0.20625 0.015625 0.020833333333333332
0 0.6817708333333333 0.12361111111111112 0.013541666666666667 0.016666666666666666
0 0.7661458333333333 0.32708333333333334 0.015625 0.020833333333333332
0 0.753125 0.3263888888888889 0.008333333333333333 0.011111111111111112
0 0.5197916666666667 0.02847222222222222 0.027083333333333334 0.03194444444444444
0 0.5057291666666667 0.20277777777777778 0.015625 0.019444444444444445
0 0.4828125 0.2013888888888889 0.017708333333333333 0.022222222222222223
0 0.4947916666666667 0.002777777777777778 0.014583333333333334 0.016666666666666666
0 0.35885416666666664 0.03680555555555556 0.011458333333333333 0.0125
0 0.3515625 0.04791666666666667 0.015625 0.020833333333333332
0 0.4390625 0.007638888888888889 0.026041666666666668 0.043055555555555555
0 0.45677083333333335 0.010416666666666666 0.021875 0.0375
0 0.41875 0.22708333333333333 0.0125 0.015277777777777777
0 0.3614583333333333 0.18333333333333332 0.020833333333333332 0.027777777777777776
0 0.3619791666666667 0.25625 0.021875 0.029166666666666667
0 0.23958333333333334 0.22916666666666666 0.014583333333333334 0.016666666666666666
0 0.17760416666666667 0.011111111111111112 0.042708333333333334 0.05555555555555555
0 0.24947916666666667 0.3194444444444444 0.013541666666666667 0.016666666666666666
0 0.26927083333333335 0.3368055555555556 0.019791666666666666 0.02638888888888889
0 0.2557291666666667 0.3451388888888889 0.015625 0.020833333333333332
0 0.12708333333333333 0.11736111111111111 0.029166666666666667 0.034722222222222224
0 0.058854166666666666 0.19027777777777777 0.017708333333333333 0.027777777777777776
0 0.014583333333333334 0.4652777777777778 0.0125 0.016666666666666666
0 0.004166666666666667 0.4708333333333333 0.008333333333333333 0.011111111111111112
0 0.04479166666666667 0.5930555555555556 0.025 0.03333333333333333
0 0.034375 0.9361111111111111 0.0125 0.016666666666666666
0 0.03958333333333333 0.9229166666666667 0.008333333333333333 0.0125
0 0.1015625 0.7986111111111112 0.026041666666666668 0.03611111111111111
0 0.08020833333333334 0.7777777777777778 0.0125 0.016666666666666666
0 0.115625 0.8291666666666667 0.020833333333333332 0.027777777777777776
0 0.0703125 0.7986111111111112 0.017708333333333333 0.022222222222222223
0 0.11197916666666667 0.5868055555555556 0.015625 0.020833333333333332
0 0.15 0.5354166666666667 0.022916666666666665 0.029166666666666667
0 0.16510416666666666 0.6548611111111111 0.015625 0.020833333333333332
0 0.2078125 0.8354166666666667 0.015625 0.020833333333333332
0 0.22395833333333334 0.9305555555555556 0.022916666666666665 0.030555555555555555
0 0.25 0.9347222222222222 0.025 0.03333333333333333
0 0.24479166666666666 0.9909722222222223 0.025 0.015277777777777777
0 0.33177083333333335 0.8034722222222223 0.023958333333333335 0.029166666666666667
0 0.25 0.7263888888888889 0.01875 0.025
0 0.2760416666666667 0.7520833333333333 0.01875 0.02638888888888889
0 0.30885416666666665 0.7263888888888889 0.019791666666666666 0.025
0 0.33645833333333336 0.7090277777777778 0.020833333333333332 0.02638888888888889
0 0.2234375 0.5006944444444444 0.015625 0.020833333333333332
0 0.3416666666666667 0.41597222222222224 0.016666666666666666 0.020833333333333332
0 0.40520833333333334 0.5319444444444444 0.0125 0.016666666666666666
0 0.44479166666666664 0.6006944444444444 0.010416666666666666 0.0125
0 0.48541666666666666 0.8111111111111111 0.010416666666666666 0.013888888888888888
0 0.4046875 0.9479166666666666 0.011458333333333333 0.0125
0 0.5203125 0.8479166666666667 0.026041666666666668 0.034722222222222224
0 0.6588541666666666 0.8569444444444444 0.026041666666666668 0.03333333333333333
0 0.6947916666666667 0.8333333333333334 0.025 0.03333333333333333
0 0.7072916666666667 0.8611111111111112 0.022916666666666665 0.030555555555555555
0 0.728125 0.9152777777777777 0.025 0.03611111111111111
0 0.7145833333333333 0.9159722222222222 0.0125 0.029166666666666667
0 0.5552083333333333 0.5326388888888889 0.022916666666666665 0.02638888888888889
0 0.5609375 0.5194444444444445 0.026041666666666668 0.03333333333333333
0 0.6729166666666667 0.5319444444444444 0.03333333333333333 0.044444444444444446
0 0.6885416666666667 0.49444444444444446 0.027083333333333334 0.03333333333333333
0 0.696875 0.5125 0.025 0.025
0 0.696875 0.6388888888888888 0.022916666666666665 0.027777777777777776
0 0.7052083333333333 0.6916666666666667 0.0125 0.016666666666666666
0 0.7703125 0.6590277777777778 0.021875 0.029166666666666667
0 0.7864583333333334 0.6652777777777777 0.01875 0.022222222222222223
0 0.8380208333333333 0.625 0.023958333333333335 0.025
0 0.8416666666666667 0.60625 0.022916666666666665 0.029166666666666667
0 0.8802083333333334 0.7423611111111111 0.029166666666666667 0.04027777777777778
0 0.8723958333333334 0.9138888888888889 0.021875 0.027777777777777776
0 0.8020833333333334 0.9847222222222223 0.0375 0.027777777777777776
0 0.825 0.96875 0.027083333333333334 0.03194444444444444
0 0.9755208333333333 0.8715277777777778 0.036458333333333336 0.04583333333333333
0 0.9364583333333333 0.8222222222222222 0.01875 0.025
0 0.9677083333333333 0.8270833333333333 0.014583333333333334 0.020833333333333332
0 0.9869791666666666 0.8083333333333333 0.013541666666666667 0.019444444444444445
0 0.9098958333333333 0.5979166666666667 0.021875 0.02638888888888889
0 0.9770833333333333 0.5548611111111111 0.029166666666666667 0.0375
0 0.9536458333333333 0.5458333333333333 0.021875 0.030555555555555555
0 0.9916666666666667 0.36527777777777776 0.014583333333333334 0.03333333333333333
