0 0.0296875 0.05694444444444444 0.019791666666666666 0.025
0 0.0171875 0.36736111111111114 0.021875 0.02638888888888889
0 0.035416666666666666 0.5263888888888889 0.014583333333333334 0.016666666666666666
0 0.0875 0.44305555555555554 0.0375 0.041666666666666664
0 0.0921875 0.40902777777777777 0.042708333333333334 0.04027777777777778
0 0.15989583333333332 0.2965277777777778 0.021875 0.029166666666666667
0 0.16614583333333333 0.18958333333333333 0.023958333333333335 0.029166666666666667
0 0.11197916666666667 0.12708333333333333 0.028125 0.03194444444444444
0 0.15520833333333334 0.006944444444444444 0.020833333333333332 0.013888888888888888
0 0.23802083333333332 0.06388888888888888 0.017708333333333333 0.019444444444444445
0 0.25052083333333336 0.12013888888888889 0.019791666666666666 0.02638888888888889
0 0.3182291666666667 0.13541666666666666 0.023958333333333335 0.03194444444444444
0 0.37604166666666666 0.09513888888888888 0.03333333333333333 0.043055555555555555
0 0.4036458333333333 0.11319444444444444 0.017708333333333333 0.02638888888888889
0 0.44114583333333335 0.12152777777777778 0.036458333333333336 0.04583333333333333
0 0.4578125 0.08819444444444445 0.019791666666666666 0.02638888888888889
0 0.4786458333333333 0.14166666666666666 0.015625 0.019444444444444445
0 0.4859375 0.1638888888888889 0.013541666666666667 0.016666666666666666
0 0.2953125 0.3541666666666667 0.019791666666666666 0.025
0 0.4484375 0.37083333333333335 0.021875 0.027777777777777776
0 0.296875 0.4847222222222222 0.014583333333333334 0.019444444444444445
0 0.6567708333333333 0.32222222222222224 0.019791666666666666 0.025
0 0.6078125 0.4673611111111111 0.023958333333333335 0.02638888888888889
0 0.6625 0.5333333333333333 0.022916666666666665 0.027777777777777776
0 0.5442708333333334 0.5104166666666666 0.013541666666666667 0.018055555555555554
0 0.5229166666666667 0.5798611111111112 0.01875 0.02361111111111111
0 0.5546875 0.6159722222222223 0.019791666666666666 0.02361111111111111
0 0.5671875 0.6048611111111111 0.017708333333333333 0.020833333333333332
0 0.5645833333333333 0.625 0.0125 0.013888888888888888
0 0.7536458333333333 0.37083333333333335 0.04479166666666667 0.044444444444444446
0 0.753125 0.40208333333333335 0.03125 0.029166666666666667
0 0.8223958333333333 0.3902777777777778 0.019791666666666666 0.025
0 0.8359375 0.4215277777777778 0.015625 0.020833333333333332
0 0.8078125 0.3423611111111111 0.013541666666666667 0.018055555555555554
0 0.9338541666666667 0.34930555555555554 0.021875 0.029166666666666667
0 0.9442708333333333 0.22569444444444445 0.015625 0.020833333333333332
0 0.846875 0.23055555555555557 0.00625 0.008333333333333333
0 0.6786458333333333 0.027083333333333334 0.013541666666666667 0.018055555555555554
0 0.6932291666666667 0.02638888888888889 0.015625 0.019444444444444445
0 0.6916666666666667 0.009722222222222222 0.01875 0.019444444444444445
0 0.8229166666666666 0.02847222222222222 0.008333333333333333 0.0125
0 0.8932291666666666 0.04722222222222222 0.019791666666666666 0.025
0 0.9458333333333333 0.013194444444444444 0.025 0.02361111111111111
0 0.9526041666666667 0.027083333333333334 0.015625 0.018055555555555554
0 0.9692708333333333 0.5381944444444444 0.019791666666666666 0.02361111111111111
0 0.8119791666666667 0.6965277777777777 0.019791666666666666 0.02361111111111111
0 0.6546875 0.7048611111111112 0.028125 0.034722222222222224
0 0.8869791666666667 0.7201388888888889 0.017708333333333333 0.020833333333333332
0 0.9453125 0.8159722222222222 0.023958333333333335 0.03194444444444444
0 0.9807291666666667 0.8465277777777778 0.021875 0.029166666666666667
0 0.96875 0.8381944444444445 0.03333333333333333 0.04027777777777778
0 0.990625 0.9111111111111111 0.016666666666666666 0.025
0 0.8697916666666666 0.86875 0.020833333333333332 0.02361111111111111
0 0.8239583333333333 0.9 0.029166666666666667 0.03333333333333333
0 0.8458333333333333 0.9395833333333333 0.016666666666666666 0.020833333333333332
0 0.7609375 0.9770833333333333 0.023958333333333335 0.029166666666666667
0 0.7838541666666666 0.8284722222222223 0.015625 0.018055555555555554
0 0.7890625 0.7201388888888889 0.017708333333333333 0.02361111111111111
0 0.7442708333333333 0.7229166666666667 0.021875 0.02638888888888889
0 0.7526041666666666 0.7618055555555555 0.015625 0.020833333333333332
0 0.7109375 0.8013888888888889 0.009375 0.011111111111111112
0 0.5614583333333333 0.8173611111111111 0.0125 0.015277777777777777
0 0.5723958333333333 0.7763888888888889 0.019791666666666666 0.025
0 0.5765625 0.8041666666666667 0.015625 0.016666666666666666
0 0.5473958333333333 0.7881944444444444 0.015625 0.020833333333333332
0 0.5619791666666667 0.7951388888888888 0.015625 0.020833333333333332
0 0.4796875 0.7354166666666667 0.019791666666666666 0.02361111111111111
0 0.5989583333333334 0.8923611111111112 0.03125 0.0375
0 0.4359375 0.8479166666666667 0.019791666666666666 0.02638888888888889
0 0.4041666666666667 0.9131944444444444 0.022916666666666665 0.02361111111111111
0 0.24791666666666667 0.9458333333333333 0.03125 0.03888888888888889
0 0.29583333333333334 0.7694444444444445 0.01875 0.025
0 0.28229166666666666 0.7256944444444444 0.01875 0.02361111111111111
0 0.20833333333333334 0.7763888888888889 0.010416666666666666 0.013888888888888888
0 0.23229166666666667 0.8590277777777777 0.022916666666666665 0.029166666666666667
0 0.19947916666666668 0.90625 0.021875 0.02638888888888889
0 0.17447916666666666 0.9368055555555556 0.015625 0.020833333333333332
0 0.1375 0.85 0.010416666666666666 0.011111111111111112
