0 0.9510416666666667 0.025 0.035416666666666666 0.03888888888888889
0 0.9458333333333333 0.04861111111111111 0.03958333333333333 0.04722222222222222
0 0.9869791666666666 0.2763888888888889 0.023958333333333335 0.03333333333333333
0 0.9609375 0.33958333333333335 0.015625 0.020833333333333332
0 0.9447916666666667 0.32430555555555557 0.025 0.03194444444444444
0 0.8984375 0.2673611111111111 0.040625 0.05138888888888889
0 0.8744791666666667 0.30833333333333335 0.015625 0.019444444444444445
0 0.8598958333333333 0.09791666666666667 0.026041666666666668 0.03194444444444444
0 0.8864583333333333 0.05347222222222222 0.0125 0.015277777777777777
0 0.9015625 0.06458333333333334 0.005208333333333333 0.006944444444444444
0 0.5255208333333333 0.010416666666666666 0.021875 0.02638888888888889
0 0.6453125 0.09375 0.023958333333333335 0.029166666666666667
0 0.7078125 0.1284722222222222 0.019791666666666666 0.02638888888888889
0 0.7359375 0.16111111111111112 0.026041666666666668 0.03333333333333333
0 0.696875 0.1361111111111111 0.0125 0.016666666666666666
0 0.6213541666666667 0.13125 0.023958333333333335 0.03194444444444444
0 0.6380208333333334 0.1284722222222222 0.015625 0.020833333333333332
0 0.6208333333333333 0.1111111111111111 0.008333333333333333 0.011111111111111112
0 0.7265625 0.2222222222222222 0.017708333333333333 0.022222222222222223
0 0.8338541666666667 0.35347222222222224 0.017708333333333333 0.020833333333333332
0 0.6052083333333333 0.26666666666666666 0.020833333333333332 0.025
0 0.6213541666666667 0.2923611111111111 0.023958333333333335 0.02638888888888889
0 0.6109375 0.31319444444444444 0.017708333333333333 0.02361111111111111
0 0.4505208333333333 0.05625 0.021875 0.03194444444444444
0 0.45 0.2826388888888889 0.03125 0.04027777777777778
0 0.453125 0.3090277777777778 0.029166666666666667 0.029166666666666667
0 0.43854166666666666 0.3638888888888889 0.029166666666666667 0.03888888888888889
0 0.32760416666666664 0.22361111111111112 0.019791666666666666 0.025
0 0.3380208333333333 0.2375 0.011458333333333333 0.013888888888888888
0 0.365625 0.15 0.0125 0.016666666666666666
0 0.3421875 0.05763888888888889 0.021875 0.02361111111111111
0 0.3494791666666667 0.04375 0.015625 0.020833333333333332
0 0.3078125 0.08680555555555555 0.021875 0.02638888888888889
0 0.034895833333333334 0.12569444444444444 0.030208333333333334 0.04027777777777778
0 0.07604166666666666 0.1375 0.029166666666666667 0.03611111111111111
0 0.06302083333333333 0.16944444444444445 0.019791666666666666 0.03333333333333333
0 0.07447916666666667 0.17152777777777778 0.015625 0.02638888888888889
0 0.3484375 0.32430555555555557 0.015625 0.020833333333333332
0 0.7161458333333334 0.38333333333333336 0.011458333333333333 0.013888888888888888
0 0.7239583333333334 0.38958333333333334 0.010416666666666666 0.0125
0 0.0067708333333333336 0.575 0.013541666666666667 0.025
0 0.07083333333333333 0.47708333333333336 0.016666666666666666 0.020833333333333332
0 0.06458333333333334 0.4618055555555556 0.008333333333333333 0.0125
0 0.2625 0.5416666666666666 0.020833333333333332 0.027777777777777776
0 0.27760416666666665 0.46111111111111114 0.015625 0.019444444444444445
0 0.3697916666666667 0.4097222222222222 0.016666666666666666 0.022222222222222223
0 0.25885416666666666 0.6208333333333333 0.030208333333333334 0.03888888888888889
0 0.26145833333333335 0.6381944444444444 0.010416666666666666 0.0125
0 0.2916666666666667 0.6701388888888888 0.020833333333333332 0.02638888888888889
0 0.31197916666666664 0.6993055555555555 0.034375 0.043055555555555555
0 0.4546875 0.7881944444444444 0.015625 0.020833333333333332
0 0.3072916666666667 0.8909722222222223 0.025 0.03194444444444444
0 0.3703125 0.8826388888888889 0.021875 0.02638888888888889
0 0.2916666666666667 0.8680555555555556 0.029166666666666667 0.03888888888888889
0 0.3984375 0.9743055555555555 0.021875 0.029166666666666667
0 0.4109375 0.9819444444444444 0.015625 0.027777777777777776
0 0.43125 0.9708333333333333 0.035416666666666666 0.044444444444444446
0 0.5682291666666667 0.9604166666666667 0.017708333333333333 0.020833333333333332
0 0.48854166666666665 0.8527777777777777 0.020833333333333332 0.025
0 0.565625 0.7798611111111111 0.029166666666666667 0.04027777777777778
0 0.6239583333333333 0.9798611111111111 0.03125 0.0375
0 0.525 0.7125 0.020833333333333332 0.027777777777777776
0 0.5708333333333333 0.6972222222222222 0.041666666666666664 0.05277777777777778
0 0.578125 0.6701388888888888 0.03333333333333333 0.0375
0 0.6026041666666667 0.7013888888888888 0.019791666666666666 0.027777777777777776
0 0.36770833333333336 0.59375 0.0125 0.015277777777777777
0 0.5182291666666666 0.55 0.040625 0.058333333333333334
0 0.54375 0.5479166666666667 0.01875 0.034722222222222224
0 0.5671875 0.4826388888888889 0.026041666666666668 0.03194444444444444
0 0.5630208333333333 0.4131944444444444 0.030208333333333334 0.0375
0 0.5859375 0.4236111111111111 0.019791666666666666 0.027777777777777776
0 0.6255208333333333 0.4388888888888889 0.017708333333333333 0.022222222222222223
0 0.6270833333333333 0.42430555555555555 0.010416666666666666 0.015277777777777777
0 0.6380208333333334 0.6138888888888889 0.03229166666666667 0.041666666666666664
0 0.6921875 0.6194444444444445 0.021875 0.027777777777777776
0 0.6895833333333333 0.5527777777777778 0.010416666666666666 0.016666666666666666
0 0.6822916666666666 0.5527777777777778 0.008333333333333333 0.011111111111111112
0 0.6859375 0.5201388888888889 0.015625 0.020833333333333332
0 0.696875 0.5145833333333333 0.0125 0.018055555555555554
0 0.7130208333333333 0.48541666666666666 0.015625 0.020833333333333332
0 0.7557291666666667 0.5048611111111111 0.015625 0.020833333333333332
0 0.7265625 0.6131944444444445 0.026041666666666668 0.03194444444444444
0 0.7817708333333333 0.5770833333333333 0.023958333333333335 0.029166666666666667
0 0.825 0.5326388888888889 0.025 0.029166666666666667
0 0.7994791666666666 0.6541666666666667 0.030208333333333334 0.03888888888888889
0 0.8494791666666667 0.6534722222222222 0.026041666666666668 0.029166666666666667
0 0.7916666666666666 0.7 0.03333333333333333 0.04722222222222222
0 0.7963541666666667 0.7340277777777777 0.034375 0.02638888888888889
0 0.7979166666666667 0.75 0.014583333333333334 0.019444444444444445
0 0.8270833333333333 0.6986111111111111 0.016666666666666666 0.019444444444444445
0 0.7625 0.9847222222222223 0.0125 0.016666666666666666
0 0.9098958333333333 0.93125 0.017708333333333333 0.02361111111111111
0 0.9682291666666667 0.7395833333333334 0.021875 0.02638888888888889
0 0.9088541666666666 0.5340277777777778 0.023958333333333335 0.029166666666666667
0 0.8182291666666667 0.7152777777777778 0.015625 0.022222222222222223
0 0.8145833333333333 0.69375 0.020833333333333332 0.02361111111111111
0 0.9354166666666667 0.49722222222222223 0.01875 0.022222222222222223
