0 0.0421875 0.35 0.023958333333333335 0.03333333333333333
0 0.07291666666666667 0.3486111111111111 0.041666666666666664 0.06111111111111111
0 0.11614583333333334 0.020833333333333332 0.051041666666666666 0.06111111111111111
0 0.1671875 0.05138888888888889 0.034375 0.044444444444444446
0 0.16041666666666668 0.08333333333333333 0.016666666666666666 0.025
0 0.165625 0.12361111111111112 0.01875 0.025
0 0.18125 0.13541666666666666 0.01875 0.02638888888888889
0 0.20208333333333334 0.1527777777777778 0.022916666666666665 0.030555555555555555
0 0.22395833333333334 0.16527777777777777 0.016666666666666666 0.019444444444444445
0 0.2604166666666667 0.017361111111111112 0.04375 0.059722222222222225
0 0.18020833333333333 0.3909722222222222 0.029166666666666667 0.034722222222222224
0 0.10677083333333333 0.4222222222222222 0.026041666666666668 0.030555555555555555
0 0.06145833333333333 0.6041666666666666 0.014583333333333334 0.019444444444444445
0 0.25625 0.32083333333333336 0.016666666666666666 0.022222222222222223
0 0.3046875 0.39652777777777776 0.023958333333333335 0.029166666666666667
0 0.321875 0.31527777777777777 0.022916666666666665 0.027777777777777776
0 0.3302083333333333 0.2965277777777778 0.025 0.03194444444444444
0 0.35 0.21875 0.029166666666666667 0.04027777777777778
0 0.34270833333333334 0.2423611111111111 0.010416666666666666 0.015277777777777777
0 0.3796875 0.1 0.030208333333333334 0.03888888888888889
0 0.4921875 0.03333333333333333 0.028125 0.03888888888888889
0 0.5208333333333334 0.10347222222222222 0.020833333333333332 0.02638888888888889
0 0.49583333333333335 0.10138888888888889 0.016666666666666666 0.022222222222222223
0 0.4890625 0.19236111111111112 0.034375 0.043055555555555555
0 0.46510416666666665 0.22152777777777777 0.04479166666666667 0.059722222222222225
0 0.446875 0.1909722222222222 0.022916666666666665 0.029166666666666667
0 0.46458333333333335 0.18125 0.022916666666666665 0.03194444444444444
0 0.5677083333333334 0.14652777777777778 0.035416666666666666 0.04583333333333333
0 0.9552083333333333 0.06875 0.022916666666666665 0.029166666666666667
0 0.7244791666666667 0.1076388888888889 0.021875 0.029166666666666667
0 0.8354166666666667 0.26944444444444443 0.014583333333333334 0.019444444444444445
0 0.6864583333333333 0.21180555555555555 0.016666666666666666 0.020833333333333332
0 0.884375 0.32430555555555557 0.020833333333333332 0.029166666666666667
0 0.8963541666666667 0.35 0.026041666666666668 0.03333333333333333
0 0.8963541666666667 0.33194444444444443 0.009375 0.013888888888888888
0 0.9854166666666667 0.6027777777777777 0.014583333333333334 0.019444444444444445
0 0.9515625 0.6020833333333333 0.028125 0.034722222222222224
0 0.9385416666666667 0.64375 0.025 0.034722222222222224
0 0.9276041666666667 0.6902777777777778 0.030208333333333334 0.03888888888888889
0 0.8239583333333333 0.6777777777777778 0.022916666666666665 0.030555555555555555
0 0.8364583333333333 0.7673611111111112 0.020833333333333332 0.029166666666666667
0 0.9114583333333334 0.9138888888888889 0.025 0.030555555555555555
0 0.934375 0.9263888888888889 0.016666666666666666 0.019444444444444445
0 0.9328125 0.98125 0.026041666666666668 0.034722222222222224
0 0.859375 0.9777777777777777 0.020833333333333332 0.025
0 0.7864583333333334 0.7541666666666667 0.020833333333333332 0.025
0 0.7828125 0.7763888888888889 0.030208333333333334 0.03888888888888889
0 0.7494791666666667 0.7625 0.021875 0.027777777777777776
0 0.7244791666666667 0.825 0.021875 0.025
0 0.7541666666666667 0.9840277777777777 0.01875 0.02361111111111111
0 0.7255208333333333 0.9736111111111111 0.019791666666666666 0.019444444444444445
0 0.725 0.9875 0.022916666666666665 0.022222222222222223
0 0.7083333333333334 0.7465277777777778 0.035416666666666666 0.04583333333333333
0 0.746875 0.6472222222222223 0.025 0.03333333333333333
0 0.7140625 0.6222222222222222 0.040625 0.05
0 0.6833333333333333 0.64375 0.03333333333333333 0.04583333333333333
0 0.6729166666666667 0.6097222222222223 0.01875 0.025
0 0.6541666666666667 0.6506944444444445 0.020833333333333332 0.029166666666666667
0 0.65 0.6791666666666667 0.022916666666666665 0.027777777777777776
0 0.5921875 0.5625 0.026041666666666668 0.03333333333333333
0 0.6510416666666666 0.4083333333333333 0.020833333333333332 0.027777777777777776
0 0.6598958333333333 0.3888888888888889 0.019791666666666666 0.025
0 0.6276041666666666 0.3875 0.019791666666666666 0.027777777777777776
0 0.5723958333333333 0.45555555555555555 0.03229166666666667 0.041666666666666664
0 0.5401041666666667 0.44375 0.03854166666666667 0.04583333333333333
0 0.5369791666666667 0.5291666666666667 0.03229166666666667 0.044444444444444446
0 0.5375 0.7277777777777777 0.01875 0.027777777777777776
0 0.6020833333333333 0.7659722222222223 0.03333333333333333 0.04583333333333333
0 0.6166666666666667 0.83125 0.03125 0.043055555555555555
0 0.6265625 0.8951388888888889 0.030208333333333334 0.043055555555555555
0 0.6036458333333333 0.8625 0.023958333333333335 0.030555555555555555
0 0.0036458333333333334 0.6631944444444444 0.028125 0.0375
0 0.0203125 0.68125 0.021875 0.029166666666666667
0 0.034375 0.7097222222222223 0.027083333333333334 0.03888888888888889
0 0.05260416666666667 0.6652777777777777 0.021875 0.030555555555555555
0 0.07552083333333333 0.7326388888888888 0.013541666666666667 0.020833333333333332
0 0.0765625 0.8854166666666666 0.017708333333333333 0.020833333333333332
0 0.06875 0.8965277777777778 0.004166666666666667 0.006944444444444444
0 0.00625 0.9319444444444445 0.016666666666666666 0.019444444444444445
0 0.12291666666666666 0.7881944444444444 0.03125 0.0375
0 0.11979166666666667 0.8222222222222222 0.01875 0.027777777777777776
0 0.1078125 0.8479166666666667 0.023958333333333335 0.03194444444444444
0 0.11666666666666667 0.9798611111111111 0.025 0.029166666666666667
0 0.017708333333333333 0.9909722222222223 0.029166666666666667 0.015277777777777777
0 0.125 0.9486111111111111 0.01875 0.027777777777777776
0 0.15208333333333332 0.8597222222222223 0.0375 0.04722222222222222
0 0.1421875 0.8194444444444444 0.023958333333333335 0.03611111111111111
0 0.1515625 0.7576388888888889 0.026041666666666668 0.034722222222222224
0 0.2125 0.68125 0.03958333333333333 0.05138888888888889
0 0.24270833333333333 0.6458333333333334 0.01875 0.025
0 0.22239583333333332 0.7215277777777778 0.026041666666666668 0.034722222222222224
0 0.228125 0.9152777777777777 0.022916666666666665 0.030555555555555555
0 0.37083333333333335 0.9597222222222223 0.04375 0.05555555555555555
0 0.35572916666666665 0.8833333333333333 0.017708333333333333 0.022222222222222223
0 0.321875 0.8152777777777778 0.025 0.03333333333333333
0 0.30052083333333335 0.7736111111111111 0.023958333333333335 0.03333333333333333
0 0.36302083333333335 0.7305555555555555 0.015625 0.019444444444444445
0 0.36302083333333335 0.7423611111111111 0.005208333333333333 0.006944444444444444
0 0.41041666666666665 0.9520833333333333 0.020833333333333332 0.02638888888888889
0 0.4708333333333333 0.9430555555555555 0.03333333333333333 0.04722222222222222
0 0.471875 0.8625 0.014583333333333334 0.019444444444444445
0 0.4630208333333333 0.8284722222222223 0.015625 0.02361111111111111
0 0.4666666666666667 0.7833333333333333 0.029166666666666667 0.03888888888888889
0 0.46041666666666664 0.53125 0.027083333333333334 0.034722222222222224
