0 0.06197916666666667 0.11875 0.011458333333333333 0.0125
0 0.07083333333333333 0.14027777777777778 0.022916666666666665 0.03333333333333333
0 0.0859375 0.12777777777777777 0.015625 0.022222222222222223
0 0.09583333333333334 0.1486111111111111 0.020833333333333332 0.027777777777777776
0 0.1203125 0.2659722222222222 0.028125 0.034722222222222224
0 0.0640625 0.50625 0.03854166666666667 0.05416666666666667
0 0.10729166666666666 0.34930555555555554 0.014583333333333334 0.018055555555555554
0 0.140625 0.3597222222222222 0.016666666666666666 0.022222222222222223
0 0.1359375 0.3861111111111111 0.028125 0.03611111111111111
0 0.1515625 0.4083333333333333 0.019791666666666666 0.027777777777777776
0 0.21927083333333333 0.2875 0.026041666666666668 0.03611111111111111
0 0.2359375 0.35625 0.026041666666666668 0.034722222222222224
0 0.24479166666666666 0.37777777777777777 0.01875 0.025
0 0.29322916666666665 0.3090277777777778 0.026041666666666668 0.034722222222222224
0 0.2994791666666667 0.40694444444444444 0.023958333333333335 0.03333333333333333
0 0.2609375 0.4395833333333333 0.023958333333333335 0.029166666666666667
0 0.16197916666666667 0.5013888888888889 0.03229166666666667 0.044444444444444446
0 0.009895833333333333 0.5659722222222222 0.015625 0.018055555555555554
0 0.4708333333333333 0.5548611111111111 0.03125 0.04027777777777778
0 0.48541666666666666 0.5034722222222222 0.022916666666666665 0.03194444444444444
0 0.5416666666666666 0.3819444444444444 0.01875 0.025
0 0.5817708333333333 0.22152777777777777 0.026041666666666668 0.034722222222222224
0 0.39895833333333336 0.030555555555555555 0.022916666666666665 0.03333333333333333
0 0.5697916666666667 0.03819444444444445 0.027083333333333334 0.043055555555555555
0 0.5885416666666666 0.03333333333333333 0.01875 0.030555555555555555
0 0.625 0.027777777777777776 0.0125 0.016666666666666666
0 0.7026041666666667 0.22013888888888888 0.034375 0.043055555555555555
0 0.7098958333333333 0.1951388888888889 0.034375 0.034722222222222224
0 0.7291666666666666 0.225 0.01875 0.027777777777777776
0 0.7234375 0.28194444444444444 0.03854166666666667 0.05277777777777778
0 0.6260416666666667 0.36875 0.0375 0.04861111111111111
0 0.5869791666666667 0.42430555555555555 0.03854166666666667 0.05138888888888889
0 0.6192708333333333 0.6027777777777777 0.040625 0.05277777777777778
0 0.646875 0.5229166666666667 0.027083333333333334 0.034722222222222224
0 0.7375 0.4666666666666667 0.025 0.03333333333333333
0 0.721875 0.5423611111111111 0.035416666666666666 0.04861111111111111
0 0.8088541666666667 0.1111111111111111 0.019791666666666666 0.025
0 0.8260416666666667 0.05486111111111111 0.020833333333333332 0.02638888888888889
0 0.8098958333333334 0.23194444444444445 0.028125 0.03611111111111111
0 0.7375 0.5847222222222223 0.020833333333333332 0.025
0 0.7395833333333334 0.6097222222222223 0.022916666666666665 0.030555555555555555
0 0.8645833333333334 0.08958333333333333 0.025 0.034722222222222224
0 0.9359375 0.029861111111111113 0.034375 0.043055555555555555
0 0.9359375 0.18194444444444444 0.019791666666666666 0.027777777777777776
0 0.8833333333333333 0.24305555555555555 0.03333333333333333 0.03888888888888889
0 0.9614583333333333 0.3375 0.025 0.030555555555555555
0 0.9005208333333333 0.6243055555555556 0.030208333333333334 0.0375
0 0.815625 0.5993055555555555 0.016666666666666666 0.020833333333333332
0 0.8130208333333333 0.6104166666666667 0.007291666666666667 0.009722222222222222
0 0.7197916666666667 0.6354166666666666 0.01875 0.02361111111111111
0 0.5473958333333333 0.6340277777777777 0.034375 0.04583333333333333
0 0.05260416666666667 0.7916666666666666 0.015625 0.022222222222222223
0 0.1125 0.9034722222222222 0.027083333333333334 0.04027777777777778
0 0.22135416666666666 0.8930555555555556 0.017708333333333333 0.025
0 0.18333333333333332 0.7930555555555555 0.025 0.03333333333333333
0 0.271875 0.7569444444444444 0.0375 0.05
0 0.29739583333333336 0.7805555555555556 0.03229166666666667 0.041666666666666664
0 0.3177083333333333 0.7479166666666667 0.016666666666666666 0.02361111111111111
0 0.3359375 0.7194444444444444 0.015625 0.022222222222222223
0 0.31302083333333336 0.925 0.021875 0.027777777777777776
0 0.3515625 0.8826388888888889 0.023958333333333335 0.03194444444444444
0 0.4640625 0.7298611111111111 0.021875 0.029166666666666667
0 0.44583333333333336 0.9756944444444444 0.014583333333333334 0.018055555555555554
0 0.4484375 0.9638888888888889 0.003125 0.005555555555555556
0 0.49583333333333335 0.9569444444444445 0.03333333333333333 0.03888888888888889
0 0.525 0.9381944444444444 0.03333333333333333 0.043055555555555555
0 0.5046875 0.9833333333333333 0.034375 0.030555555555555555
0 0.5796875 0.9347222222222222 0.034375 0.041666666666666664
0 0.5713541666666667 0.9680555555555556 0.023958333333333335 0.030555555555555555
0 0.5588541666666667 0.7493055555555556 0.021875 0.03194444444444444
0 0.5296875 0.7159722222222222 0.028125 0.034722222222222224
0 0.5307291666666667 0.6743055555555556 0.03229166666666667 0.043055555555555555
0 0.58125 0.6569444444444444 0.01875 0.027777777777777776
0 0.6244791666666667 0.8631944444444445 0.03229166666666667 0.0375
0 0.6682291666666667 0.8305555555555556 0.017708333333333333 0.025
0 0.5848958333333333 0.9875 0.017708333333333333 0.019444444444444445
0 0.7375 0.9118055555555555 0.025 0.03194444444444444
0 0.8135416666666667 0.8847222222222222 0.041666666666666664 0.05555555555555555
0 0.8598958333333333 0.8055555555555556 0.023958333333333335 0.027777777777777776
0 0.85 0.74375 0.029166666666666667 0.0375
0 0.9088541666666666 0.7840277777777778 0.036458333333333336 0.04861111111111111
0 0.9296875 0.6729166666666667 0.03854166666666667 0.05138888888888889
0 0.9625 0.7493055555555556 0.025 0.03194444444444444
0 0.9885416666666667 0.7888888888888889 0.03958333333333333 0.05
0 0.978125 0.7618055555555555 0.010416666666666666 0.015277777777777777
0 0.875 0.9868055555555556 0.041666666666666664 0.02361111111111111
