0 0.0234375 0.10069444444444445 0.026041666666666668 0.03194444444444444
0 0.153125 0.014583333333333334 0.03125 0.029166666666666667
0 0.18333333333333332 0.006944444444444444 0.0375 0.013888888888888888
0 0.31666666666666665 0.034027777777777775 0.03125 0.0375
0 0.315625 0.009027777777777777 0.020833333333333332 0.015277777777777777
0 0.26979166666666665 0.09722222222222222 0.016666666666666666 0.019444444444444445
0 0.35625 0.0763888888888889 0.016666666666666666 0.022222222222222223
0 0.246875 0.19444444444444445 0.01875 0.022222222222222223
0 0.21041666666666667 0.22152777777777777 0.022916666666666665 0.029166666666666667
0 0.25833333333333336 0.2847222222222222 0.025 0.030555555555555555
0 0.328125 0.25555555555555554 0.0625 0.07777777777777778
0 0.37864583333333335 0.26805555555555555 0.023958333333333335 0.03333333333333333
0 0.34791666666666665 0.30416666666666664 0.01875 0.025
0 0.2947916666666667 0.32569444444444445 0.0375 0.04583333333333333
0 0.32083333333333336 0.3527777777777778 0.03333333333333333 0.044444444444444446
0 0.3260416666666667 0.3125 0.03333333333333333 0.03888888888888889
0 0.346875 0.37222222222222223 0.020833333333333332 0.027777777777777776
0 0.37447916666666664 0.3854166666666667 0.030208333333333334 0.043055555555555555
0 0.28229166666666666 0.40555555555555556 0.025 0.027777777777777776
0 0.2203125 0.35555555555555557 0.015625 0.019444444444444445
0 0.11197916666666667 0.47847222222222224 0.019791666666666666 0.02361111111111111
0 0.38645833333333335 0.48333333333333334 0.022916666666666665 0.030555555555555555
0 0.3776041666666667 0.5083333333333333 0.017708333333333333 0.022222222222222223
0 0.4588541666666667 0.39305555555555555 0.023958333333333335 0.030555555555555555
0 0.4588541666666667 0.3701388888888889 0.015625 0.018055555555555554
0 0.46770833333333334 0.1486111111111111 0.029166666666666667 0.03888888888888889
0 0.48125 0.10486111111111111 0.016666666666666666 0.020833333333333332
0 0.490625 0.11666666666666667 0.016666666666666666 0.022222222222222223
0 0.5588541666666667 0.1673611111111111 0.026041666666666668 0.0375
0 0.5552083333333333 0.034027777777777775 0.027083333333333334 0.034722222222222224
0 0.60625 0.05138888888888889 0.03958333333333333 0.05277777777777778
0 0.65 0.09236111111111112 0.025 0.034722222222222224
0 0.6682291666666667 0.2465277777777778 0.019791666666666666 0.029166666666666667
0 0.7645833333333333 0.024305555555555556 0.01875 0.02361111111111111
0 0.7911458333333333 0.025 0.023958333333333335 0.03333333333333333
0 0.7739583333333333 0.009722222222222222 0.014583333333333334 0.013888888888888888
0 0.7614583333333333 0.2625 0.01875 0.025
0 0.7151041666666667 0.2916666666666667 0.017708333333333333 0.025
0 0.8151041666666666 0.2743055555555556 0.017708333333333333 0.02638888888888889
0 0.85 0.21319444444444444 0.041666666666666664 0.05138888888888889
0 0.96875 0.5736111111111111 0.041666666666666664 0.05
0 0.8067708333333333 0.6319444444444444 0.03229166666666667 0.041666666666666664
0 0.8067708333333333 0.6020833333333333 0.023958333333333335 0.029166666666666667
0 0.7734375 0.5666666666666667 0.026041666666666668 0.03611111111111111
0 0.7255208333333333 0.7159722222222222 0.017708333333333333 0.02361111111111111
0 0.7411458333333333 0.7583333333333333 0.023958333333333335 0.03611111111111111
0 0.7260416666666667 0.8513888888888889 0.035416666666666666 0.05
0 0.6244791666666667 0.8493055555555555 0.036458333333333336 0.04861111111111111
0 0.6015625 0.7375 0.023958333333333335 0.027777777777777776
0 0.5416666666666666 0.8215277777777777 0.020833333333333332 0.029166666666666667
0 0.5020833333333333 0.83125 0.020833333333333332 0.02638888888888889
0 0.5083333333333333 0.8652777777777778 0.025 0.030555555555555555
0 0.4666666666666667 0.8340277777777778 0.016666666666666666 0.02361111111111111
0 0.490625 0.8763888888888889 0.01875 0.025
0 0.6510416666666666 0.9395833333333333 0.0375 0.04583333333333333
0 0.6963541666666667 0.9472222222222222 0.03229166666666667 0.03888888888888889
0 0.4088541666666667 0.8493055555555555 0.021875 0.03194444444444444
0 0.06302083333333333 0.56875 0.015625 0.020833333333333332
0 0.009375 0.5916666666666667 0.01875 0.027777777777777776
0 0.15208333333333332 0.5680555555555555 0.025 0.03333333333333333
0 0.0640625 0.6701388888888888 0.013541666666666667 0.018055555555555554
0 0.03854166666666667 0.7243055555555555 0.020833333333333332 0.02638888888888889
0 0.0078125 0.7416666666666667 0.015625 0.027777777777777776
0 0.15677083333333333 0.7493055555555556 0.021875 0.02361111111111111
0 0.16875 0.7791666666666667 0.029166666666666667 0.03611111111111111
0 0.0484375 0.8583333333333333 0.021875 0.030555555555555555
0 0.20052083333333334 0.8319444444444445 0.023958333333333335 0.03333333333333333
0 0.19270833333333334 0.8131944444444444 0.01875 0.018055555555555554
0 0.20729166666666668 0.8722222222222222 0.03125 0.03888888888888889
0 0.190625 0.9006944444444445 0.020833333333333332 0.029166666666666667
0 0.1328125 0.9506944444444444 0.034375 0.04861111111111111
0 0.005729166666666666 0.8722222222222222 0.011458333333333333 0.022222222222222223
0 0.4015625 0.5743055555555555 0.019791666666666666 0.02638888888888889
0 0.9760416666666667 0.39861111111111114 0.01875 0.022222222222222223
