0 0.015625 0.22152777777777777 0.03125 0.043055555555555555
0 0.03697916666666667 0.18958333333333333 0.028125 0.0375
0 0.04583333333333333 0.13680555555555557 0.022916666666666665 0.029166666666666667
0 0.12604166666666666 0.29097222222222224 0.0375 0.04583333333333333
0 0.0703125 0.4486111111111111 0.015625 0.022222222222222223
0 0.16458333333333333 0.29444444444444445 0.03125 0.03333333333333333
0 0.23697916666666666 0.30069444444444443 0.026041666666666668 0.034722222222222224
0 0.2838541666666667 0.2590277777777778 0.021875 0.02638888888888889
0 0.2911458333333333 0.24027777777777778 0.019791666666666666 0.025
0 0.2515625 0.11319444444444444 0.017708333333333333 0.02361111111111111
0 0.35572916666666665 0.21944444444444444 0.019791666666666666 0.025
0 0.3765625 0.09236111111111112 0.023958333333333335 0.03194444444444444
0 0.4796875 0.15625 0.021875 0.02638888888888889
0 0.5395833333333333 0.07361111111111111 0.022916666666666665 0.027777777777777776
0 0.3921875 0.32430555555555557 0.030208333333333334 0.034722222222222224
0 0.38385416666666666 0.3458333333333333 0.030208333333333334 0.03611111111111111
0 0.4005208333333333 0.46805555555555556 0.03854166666666667 0.05
0 0.425 0.43819444444444444 0.041666666666666664 0.05138888888888889
0 0.428125 0.3701388888888889 0.025 0.029166666666666667
0 0.6145833333333334 0.41944444444444445 0.027083333333333334 0.03611111111111111
0 0.9020833333333333 0.018055555555555554 0.016666666666666666 0.022222222222222223
0 0.9848958333333333 0.29930555555555555 0.026041666666666668 0.03194444444444444
0 0.9125 0.5354166666666667 0.0125 0.018055555555555554
0 0.7432291666666667 0.5520833333333334 0.03229166666666667 0.04027777777777778
0 0.759375 0.6291666666666667 0.03958333333333333 0.05
0 0.7942708333333334 0.5840277777777778 0.023958333333333335 0.03194444444444444
0 0.7947916666666667 0.5263888888888889 0.025 0.03333333333333333
0 0.7828125 0.5201388888888889 0.017708333333333333 0.02361111111111111
0 0.7796875 0.5402777777777777 0.013541666666666667 0.019444444444444445
0 0.825 0.5243055555555556 0.020833333333333332 0.02361111111111111
0 0.8395833333333333 0.6493055555555556 0.035416666666666666 0.04861111111111111
0 0.7567708333333333 0.7208333333333333 0.026041666666666668 0.03333333333333333
0 0.6932291666666667 0.7208333333333333 0.030208333333333334 0.041666666666666664
0 0.5427083333333333 0.6388888888888888 0.027083333333333334 0.03611111111111111
0 0.5203125 0.5763888888888888 0.034375 0.044444444444444446
0 0.39479166666666665 0.5597222222222222 0.035416666666666666 0.03888888888888889
0 0.3953125 0.5909722222222222 0.030208333333333334 0.029166666666666667
0 0.353125 0.5430555555555555 0.025 0.03333333333333333
0 0.4786458333333333 0.7138888888888889 0.017708333333333333 0.019444444444444445
0 0.47552083333333334 0.7368055555555556 0.026041666666666668 0.029166666666666667
0 0.31927083333333334 0.6020833333333333 0.028125 0.0375
0 0.28489583333333335 0.5840277777777778 0.03229166666666667 0.0375
0 0.25416666666666665 0.6479166666666667 0.022916666666666665 0.03194444444444444
0 0.2296875 0.6513888888888889 0.026041666666666668 0.03333333333333333
0 0.37552083333333336 0.7736111111111111 0.028125 0.03611111111111111
0 0.36041666666666666 0.7986111111111112 0.027083333333333334 0.03611111111111111
0 0.39739583333333334 0.7875 0.017708333333333333 0.022222222222222223
0 0.15 0.6534722222222222 0.016666666666666666 0.020833333333333332
0 0.24010416666666667 0.8479166666666667 0.021875 0.029166666666666667
0 0.2515625 0.8819444444444444 0.03229166666666667 0.041666666666666664
0 0.20416666666666666 0.8652777777777778 0.022916666666666665 0.030555555555555555
0 0.17135416666666667 0.8368055555555556 0.021875 0.02361111111111111
0 0.16458333333333333 0.8527777777777777 0.025 0.025
0 0.16302083333333334 0.8833333333333333 0.019791666666666666 0.027777777777777776
0 0.17864583333333334 0.8722222222222222 0.015625 0.019444444444444445
0 0.09895833333333333 0.6798611111111111 0.025 0.03194444444444444
0 0.07447916666666667 0.7506944444444444 0.03229166666666667 0.04027777777777778
0 0.090625 0.7159722222222222 0.025 0.034722222222222224
0 0.08489583333333334 0.8354166666666667 0.03229166666666667 0.043055555555555555
0 0.115625 0.9652777777777778 0.0375 0.04722222222222222
0 0.5744791666666667 0.8673611111111111 0.03229166666666667 0.043055555555555555
0 0.596875 0.9166666666666666 0.016666666666666666 0.022222222222222223
0 0.6546875 0.9354166666666667 0.03229166666666667 0.04027777777777778
0 0.7046875 0.9798611111111111 0.036458333333333336 0.04861111111111111
0 0.775 0.7958333333333333 0.025 0.03333333333333333
0 0.7604166666666666 0.8388888888888889 0.014583333333333334 0.019444444444444445
0 0.7848958333333333 0.8125 0.011458333333333333 0.013888888888888888
0 0.8984375 0.8618055555555556 0.030208333333333334 0.04027777777777778
0 0.9208333333333333 0.7472222222222222 0.027083333333333334 0.03333333333333333
0 0.9369791666666667 0.9722222222222222 0.017708333333333333 0.022222222222222223
