0 0.7895833333333333 0.21944444444444444 0.020833333333333332 0.027777777777777776
0 0.8109375 0.3138888888888889 0.019791666666666666 0.025
0 0.7088541666666667 0.22569444444444445 0.019791666666666666 0.02361111111111111
0 0.6864583333333333 0.20694444444444443 0.016666666666666666 0.022222222222222223
0 0.5796875 0.22152777777777777 0.015625 0.020833333333333332
0 0.5244791666666667 0.09444444444444444 0.023958333333333335 0.030555555555555555
0 0.5098958333333333 0.03194444444444444 0.017708333333333333 0.022222222222222223
0 0.46510416666666665 0.024305555555555556 0.023958333333333335 0.029166666666666667
0 0.49895833333333334 0.06805555555555555 0.03125 0.041666666666666664
0 0.4552083333333333 0.050694444444444445 0.029166666666666667 0.034722222222222224
0 0.4786458333333333 0.04375 0.019791666666666666 0.02638888888888889
0 0.37916666666666665 0.06458333333333334 0.022916666666666665 0.029166666666666667
0 0.42135416666666664 0.22013888888888888 0.026041666666666668 0.034722222222222224
0 0.4276041666666667 0.2875 0.019791666666666666 0.027777777777777776
0 0.45416666666666666 0.27152777777777776 0.020833333333333332 0.02638888888888889
0 0.4484375 0.21944444444444444 0.023958333333333335 0.027777777777777776
0 0.45260416666666664 0.24166666666666667 0.023958333333333335 0.025
0 0.2630208333333333 0.13819444444444445 0.019791666666666666 0.02638888888888889
0 0.20364583333333333 0.2388888888888889 0.036458333333333336 0.044444444444444446
0 0.16927083333333334 0.041666666666666664 0.023958333333333335 0.030555555555555555
0 0.12135416666666667 0.2569444444444444 0.021875 0.030555555555555555
0 0.021354166666666667 0.48541666666666666 0.015625 0.020833333333333332
0 0.07083333333333333 0.625 0.03125 0.03888888888888889
0 0.0234375 0.7604166666666666 0.023958333333333335 0.02638888888888889
0 0.023958333333333335 0.7881944444444444 0.03125 0.0375
0 0.059375 0.8166666666666667 0.0375 0.05
0 0.1390625 0.81875 0.019791666666666666 0.02361111111111111
0 0.13697916666666668 0.47847222222222224 0.019791666666666666 0.02638888888888889
0 0.17604166666666668 0.5423611111111111 0.025 0.03194444444444444
0 0.18958333333333333 0.5479166666666667 0.0125 0.02638888888888889
0 0.16979166666666667 0.5715277777777777 0.020833333333333332 0.029166666666666667
0 0.1796875 0.5638888888888889 0.017708333333333333 0.025
0 0.22083333333333333 0.4777777777777778 0.020833333333333332 0.027777777777777776
0 0.24114583333333334 0.40902777777777777 0.03854166666666667 0.04861111111111111
0 0.2453125 0.38680555555555557 0.023958333333333335 0.029166666666666667
0 0.3380208333333333 0.6944444444444444 0.023958333333333335 0.030555555555555555
0 0.38385416666666666 0.6479166666666667 0.021875 0.02638888888888889
0 0.42604166666666665 0.51875 0.027083333333333334 0.03194444444444444
0 0.4005208333333333 0.8798611111111111 0.021875 0.02638888888888889
0 0.5052083333333334 0.9875 0.025 0.022222222222222223
0 0.5208333333333334 0.9819444444444444 0.029166666666666667 0.03333333333333333
0 0.5786458333333333 0.6909722222222222 0.017708333333333333 0.02361111111111111
0 0.7270833333333333 0.5680555555555555 0.03333333333333333 0.044444444444444446
0 0.7552083333333334 0.5465277777777777 0.03958333333333333 0.05138888888888889
0 0.6453125 0.5520833333333334 0.023958333333333335 0.03194444444444444
0 0.6338541666666667 0.5631944444444444 0.013541666666666667 0.018055555555555554
0 0.6125 0.5444444444444444 0.010416666666666666 0.013888888888888888
0 0.6171875 0.5763888888888888 0.015625 0.019444444444444445
0 0.7515625 0.7555555555555555 0.023958333333333335 0.030555555555555555
0 0.81875 0.5986111111111111 0.03125 0.041666666666666664
0 0.85625 0.6041666666666666 0.03333333333333333 0.04722222222222222
0 0.834375 0.6229166666666667 0.016666666666666666 0.020833333333333332
0 0.8567708333333334 0.40347222222222223 0.026041666666666668 0.034722222222222224
0 0.9010416666666666 0.9041666666666667 0.03333333333333333 0.044444444444444446
0 0.96875 0.7770833333333333 0.025 0.03194444444444444
0 0.9463541666666667 0.7534722222222222 0.017708333333333333 0.020833333333333332
0 0.9911458333333333 0.7930555555555555 0.015625 0.030555555555555555
