0 0.13697916666666668 0.011111111111111112 0.021875 0.022222222222222223
0 0.12395833333333334 0.08125 0.01875 0.02361111111111111
0 0.17708333333333334 0.14583333333333334 0.03333333333333333 0.04722222222222222
0 0.18489583333333334 0.052083333333333336 0.015625 0.020833333333333332
0 0.2015625 0.05486111111111111 0.015625 0.020833333333333332
0 0.22395833333333334 0.059027777777777776 0.029166666666666667 0.0375
0 0.190625 0.06180555555555556 0.010416666666666666 0.015277777777777777
0 0.26979166666666665 0.07708333333333334 0.016666666666666666 0.02361111111111111
0 0.26510416666666664 0.17083333333333334 0.021875 0.030555555555555555
0 0.22083333333333333 0.2548611111111111 0.0125 0.015277777777777777
0 0.21041666666666667 0.3215277777777778 0.029166666666666667 0.04027777777777778
0 0.125 0.3263888888888889 0.0125 0.016666666666666666
0 0.25416666666666665 0.38125 0.03958333333333333 0.04861111111111111
0 0.14895833333333333 0.5763888888888888 0.029166666666666667 0.03611111111111111
0 0.2604166666666667 0.6777777777777778 0.029166666666666667 0.03611111111111111
0 0.1546875 0.6986111111111111 0.023958333333333335 0.027777777777777776
0 0.41822916666666665 0.08333333333333333 0.026041666666666668 0.03333333333333333
0 0.5489583333333333 0.16805555555555557 0.04375 0.05555555555555555
0 0.4265625 0.3972222222222222 0.019791666666666666 0.025
0 0.41041666666666665 0.45625 0.014583333333333334 0.018055555555555554
0 0.5557291666666667 0.4409722222222222 0.042708333333333334 0.059722222222222225
0 0.5515625 0.4951388888888889 0.013541666666666667 0.018055555555555554
0 0.5322916666666667 0.48055555555555557 0.014583333333333334 0.019444444444444445
0 0.38697916666666665 0.6916666666666667 0.028125 0.03333333333333333
0 0.5895833333333333 0.6618055555555555 0.0125 0.015277777777777777
0 0.7005208333333334 0.6243055555555556 0.017708333333333333 0.020833333333333332
0 0.6833333333333333 0.6875 0.014583333333333334 0.016666666666666666
0 0.6692708333333334 0.69375 0.013541666666666667 0.018055555555555554
0 0.7229166666666667 0.4166666666666667 0.020833333333333332 0.027777777777777776
0 0.76875 0.2388888888888889 0.035416666666666666 0.04722222222222222
0 0.7729166666666667 0.33611111111111114 0.022916666666666665 0.030555555555555555
0 0.7822916666666667 0.40208333333333335 0.014583333333333334 0.020833333333333332
0 0.7885416666666667 0.41597222222222224 0.01875 0.02638888888888889
0 0.7859375 0.5347222222222222 0.028125 0.03611111111111111
0 0.7994791666666666 0.5513888888888889 0.021875 0.027777777777777776
0 0.9447916666666667 0.5951388888888889 0.027083333333333334 0.0375
0 0.9625 0.5958333333333333 0.0125 0.016666666666666666
0 0.9286458333333333 0.34652777777777777 0.015625 0.018055555555555554
0 0.8166666666666667 0.9194444444444444 0.03125 0.03888888888888889
0 0.9583333333333334 0.7201388888888889 0.03333333333333333 0.04027777777777778
0 0.9390625 0.7590277777777777 0.015625 0.018055555555555554
0 0.9411458333333333 0.74375 0.015625 0.020833333333333332
0 0.6291666666666667 0.8527777777777777 0.027083333333333334 0.03333333333333333
0 0.4515625 0.8805555555555555 0.019791666666666666 0.025
0 0.4328125 0.7944444444444444 0.021875 0.027777777777777776
0 0.42135416666666664 0.7715277777777778 0.030208333333333334 0.04027777777777778
0 0.3796875 0.8409722222222222 0.019791666666666666 0.02361111111111111
0 0.3807291666666667 0.8534722222222222 0.015625 0.020833333333333332
0 0.36666666666666664 0.8826388888888889 0.020833333333333332 0.020833333333333332
0 0.35572916666666665 0.8972222222222223 0.030208333333333334 0.03888888888888889
0 0.36770833333333336 0.9368055555555556 0.01875 0.02361111111111111
0 0.38177083333333334 0.9583333333333334 0.015625 0.022222222222222223
0 0.36822916666666666 0.9645833333333333 0.026041666666666668 0.03194444444444444
0 0.08385416666666666 0.7361111111111112 0.026041666666666668 0.03611111111111111
0 0.084375 0.7791666666666667 0.0375 0.05
0 0.1234375 0.8819444444444444 0.026041666666666668 0.03333333333333333
0 0.1546875 0.8951388888888889 0.017708333333333333 0.02361111111111111
0 0.053125 0.8875 0.01875 0.022222222222222223
